Similarity, Precision, Relevant, Recall, Id
23.590751941617665, 0.0, N, 0.0, 4572
21.501666721725243, 0.0, N, 0.0, 3693
15.312464179059889, 0.3333333333333333, R, 0.05263157894736842, 6824
14.625364918877052, 0.25, N, 0.05263157894736842, 5039
14.510884597360894, 0.2, N, 0.05263157894736842, 7941
14.474239137082439, 0.3333333333333333, R, 0.10526315789473684, 9859
14.046262925460843, 0.42857142857142855, R, 0.15789473684210525, 5502
13.651720606877745, 0.375, N, 0.15789473684210525, 1756
13.63765388591527, 0.3333333333333333, N, 0.15789473684210525, 3994
12.975402462342263, 0.3, N, 0.15789473684210525, 4571
12.433796546569171, 0.2727272727272727, N, 0.15789473684210525, 6461
12.029733084880744, 0.25, N, 0.15789473684210525, 4817
11.93755084409086, 0.23076923076923078, N, 0.15789473684210525, 8582
11.745583273662454, 0.21428571428571427, N, 0.15789473684210525, 6635
11.448495973912541, 0.2, N, 0.15789473684210525, 7735
11.447756644976407, 0.1875, N, 0.15789473684210525, 7734
11.438033802776667, 0.23529411764705882, R, 0.21052631578947367, 8172
11.404077824216712, 0.2222222222222222, N, 0.21052631578947367, 5493
11.397044463735474, 0.21052631578947367, N, 0.21052631578947367, 4533
11.29354966485261, 0.25, R, 0.2631578947368421, 8150
11.219992188110686, 0.23809523809523808, N, 0.2631578947368421, 8148
10.907519364623017, 0.22727272727272727, N, 0.2631578947368421, 1879
10.877907264825797, 0.21739130434782608, N, 0.2631578947368421, 11212
10.86394123688296, 0.20833333333333334, N, 0.2631578947368421, 3837
10.420156019218073, 0.2, N, 0.2631578947368421, 10652
10.173204505961868, 0.19230769230769232, N, 0.2631578947368421, 9591
10.130992038384857, 0.18518518518518517, N, 0.2631578947368421, 9350
9.788652863604543, 0.17857142857142858, N, 0.2631578947368421, 8259
9.75262883192182, 0.1724137931034483, N, 0.2631578947368421, 4645
9.682024313991485, 0.16666666666666666, N, 0.2631578947368421, 7186
9.53458595127988, 0.16129032258064516, N, 0.2631578947368421, 7831
9.532367964471476, 0.15625, N, 0.2631578947368421, 8874
9.456280861108038, 0.15151515151515152, N, 0.2631578947368421, 8261
9.437976962470849, 0.14705882352941177, N, 0.2631578947368421, 8031
9.42666876131082, 0.14285714285714285, N, 0.2631578947368421, 2487
9.387424566458106, 0.1388888888888889, N, 0.2631578947368421, 9733
9.375419182871259, 0.13513513513513514, N, 0.2631578947368421, 265
9.334962348820811, 0.13157894736842105, N, 0.2631578947368421, 5394
9.28673217489863, 0.15384615384615385, R, 0.3157894736842105, 7923
9.217678432016431, 0.15, N, 0.3157894736842105, 8319
9.167921082114683, 0.14634146341463414, N, 0.3157894736842105, 6340
9.125220527873834, 0.14285714285714285, N, 0.3157894736842105, 6765
9.12254810107967, 0.13953488372093023, N, 0.3157894736842105, 2840
8.797786621729657, 0.13636363636363635, N, 0.3157894736842105, 2091
8.690228010695337, 0.13333333333333333, N, 0.3157894736842105, 4750
8.631151361508303, 0.13043478260869565, N, 0.3157894736842105, 7234
8.625287440278981, 0.1276595744680851, N, 0.3157894736842105, 5069
8.588641980000524, 0.125, N, 0.3157894736842105, 11108
8.540877888906468, 0.12244897959183673, N, 0.3157894736842105, 2153
8.4072074319079, 0.12, N, 0.3157894736842105, 6250
8.374525157094277, 0.11764705882352941, N, 0.3157894736842105, 6925
8.335122665209136, 0.11538461538461539, N, 0.3157894736842105, 5879
8.190712235357106, 0.11320754716981132, N, 0.3157894736842105, 7750
8.0906035965586, 0.1111111111111111, N, 0.3157894736842105, 8565
7.971351829780911, 0.10909090909090909, N, 0.3157894736842105, 9861
7.809903498850098, 0.10714285714285714, N, 0.3157894736842105, 2236
7.761096244790295, 0.10526315789473684, N, 0.3157894736842105, 3221
7.710531613956765, 0.10344827586206896, N, 0.3157894736842105, 9594
7.705870710790178, 0.1016949152542373, N, 0.3157894736842105, 9915
7.6787015273511425, 0.1, N, 0.3157894736842105, 8253
7.641798736485339, 0.09836065573770492, N, 0.3157894736842105, 8891
7.606528312083053, 0.0967741935483871, N, 0.3157894736842105, 716
7.605153276206883, 0.09523809523809523, N, 0.3157894736842105, 2005
7.562849491323358, 0.09375, N, 0.3157894736842105, 10522
7.542583135214217, 0.09230769230769231, N, 0.3157894736842105, 5750
7.540270752007376, 0.09090909090909091, N, 0.3157894736842105, 444
7.539531423071242, 0.08955223880597014, N, 0.3157894736842105, 1889
7.526204031044901, 0.08823529411764706, N, 0.3157894736842105, 9304
7.431793438445282, 0.08695652173913043, N, 0.3157894736842105, 7834
7.375624156658028, 0.08571428571428572, N, 0.3157894736842105, 7173
7.36189967360731, 0.08450704225352113, N, 0.3157894736842105, 3813
7.302768604435345, 0.08333333333333333, N, 0.3157894736842105, 307
7.1870036788965885, 0.0821917808219178, N, 0.3157894736842105, 5195
7.174855455780787, 0.08108108108108109, N, 0.3157894736842105, 6823
7.066969920747422, 0.08, N, 0.3157894736842105, 4637
7.056393485926364, 0.07894736842105263, N, 0.3157894736842105, 1780
7.033063182853461, 0.07792207792207792, N, 0.3157894736842105, 3547
7.027520715065279, 0.07692307692307693, N, 0.3157894736842105, 3549
7.016254660414567, 0.0759493670886076, N, 0.3157894736842105, 10178
6.998647944204194, 0.075, N, 0.3157894736842105, 1180
6.926709096126308, 0.07407407407407407, N, 0.3157894736842105, 9862
6.7899615755117075, 0.07317073170731707, N, 0.3157894736842105, 8969
6.74374857252092, 0.07228915662650602, N, 0.3157894736842105, 4552
6.74374857252092, 0.07142857142857142, N, 0.3157894736842105, 1779
6.700069751761225, 0.07058823529411765, N, 0.3157894736842105, 5183
6.640147072550034, 0.06976744186046512, N, 0.3157894736842105, 5999
6.577444821634965, 0.06896551724137931, N, 0.3157894736842105, 6809
6.477012701504359, 0.06818181818181818, N, 0.3157894736842105, 7315
6.477012701504359, 0.06741573033707865, N, 0.3157894736842105, 1210
6.476280785049924, 0.06666666666666667, N, 0.3157894736842105, 5459
6.46749487013405, 0.06593406593406594, N, 0.3157894736842105, 9976
6.44740060170714, 0.07608695652173914, R, 0.3684210526315789, 9219
6.4466612727710055, 0.07526881720430108, N, 0.3684210526315789, 824
6.4403672412259025, 0.07446808510638298, N, 0.3684210526315789, 7140
6.439627912289768, 0.07368421052631578, N, 0.3684210526315789, 6482
6.43259455180853, 0.07291666666666667, N, 0.3684210526315789, 714
6.42307672043822, 0.07216494845360824, N, 0.3684210526315789, 8824
6.417788501909921, 0.07142857142857142, N, 0.3684210526315789, 3993
6.409009999475744, 0.0707070707070707, N, 0.3684210526315789, 2975
6.4037217809474445, 0.07, N, 0.3684210526315789, 3668
6.395949091530073, 0.06930693069306931, N, 0.3684210526315789, 3548
6.394203949577135, 0.06862745098039216, N, 0.3684210526315789, 7803
6.3207890743312385, 0.06796116504854369, N, 0.3684210526315789, 11269
6.313755713850001, 0.0673076923076923, N, 0.3684210526315789, 4515
6.310110957202334, 0.06666666666666667, N, 0.3684210526315789, 6571
6.2624750820827, 0.0660377358490566, N, 0.3684210526315789, 5241
6.259996769377473, 0.06542056074766354, N, 0.3684210526315789, 9806
6.245451045375687, 0.06481481481481481, N, 0.3684210526315789, 10830
6.222872306059705, 0.06422018348623854, N, 0.3684210526315789, 10632
6.179186072818313, 0.06363636363636363, N, 0.3684210526315789, 6729
6.178933159403186, 0.06306306306306306, N, 0.3684210526315789, 4301
6.163648106465266, 0.0625, N, 0.3684210526315789, 1308
6.144019270412124, 0.061946902654867256, N, 0.3684210526315789, 5723
6.143279941475989, 0.06140350877192982, N, 0.3684210526315789, 7687
6.136985909930885, 0.06086956521739131, N, 0.3684210526315789, 4113
6.129952549449648, 0.0603448275862069, N, 0.3684210526315789, 5031
6.121440531096141, 0.05982905982905983, N, 0.3684210526315789, 5888
6.1105866433495875, 0.059322033898305086, N, 0.3684210526315789, 4847
6.045541184961173, 0.058823529411764705, N, 0.3684210526315789, 4409
6.030735135062562, 0.058333333333333334, N, 0.3684210526315789, 4809
6.015929085163952, 0.05785123966942149, N, 0.3684210526315789, 8984
6.010805670644019, 0.05737704918032787, N, 0.3684210526315789, 6178
6.007109025963349, 0.056910569105691054, N, 0.3684210526315789, 5615
6.001554323354378, 0.056451612903225805, N, 0.3684210526315789, 5381
5.970771606531989, 0.056, N, 0.3684210526315789, 7106
5.9637382460507515, 0.05555555555555555, N, 0.3684210526315789, 6135
5.926524335245927, 0.05511811023622047, N, 0.3684210526315789, 4308
5.913454273806932, 0.0546875, N, 0.3684210526315789, 10396
5.907902650289885, 0.05426356589147287, N, 0.3684210526315789, 720
5.897651564384841, 0.05384615384615385, N, 0.3684210526315789, 2303
5.885793604633108, 0.05343511450381679, N, 0.3684210526315789, 5519
5.8821061855500965, 0.05303030303030303, N, 0.3684210526315789, 10618
5.879609353267947, 0.05263157894736842, N, 0.3684210526315789, 5145
5.875072825068859, 0.05223880597014925, N, 0.3684210526315789, 149
5.874333496132725, 0.05185185185185185, N, 0.3684210526315789, 1727
5.874333496132725, 0.051470588235294115, N, 0.3684210526315789, 1330
5.867300135651488, 0.051094890510948905, N, 0.3684210526315789, 11234
5.867300135651488, 0.050724637681159424, N, 0.3684210526315789, 9294
5.862475536380992, 0.050359712230215826, N, 0.3684210526315789, 7151
5.79695730524145, 0.05, N, 0.3684210526315789, 9992
5.790663273696346, 0.04964539007092199, N, 0.3684210526315789, 5993
5.789923944760211, 0.04929577464788732, N, 0.3684210526315789, 262
5.788445286887943, 0.04895104895104895, N, 0.3684210526315789, 9635
5.7751178948616015, 0.04861111111111111, N, 0.3684210526315789, 10934
5.768084534380364, 0.04827586206896552, N, 0.3684210526315789, 6018
5.760311844962992, 0.04794520547945205, N, 0.3684210526315789, 1002
5.759572516026857, 0.047619047619047616, N, 0.3684210526315789, 10258
5.744766466128248, 0.0472972972972973, N, 0.3684210526315789, 464
5.744176500715478, 0.04697986577181208, N, 0.3684210526315789, 1989
5.739941866857753, 0.04666666666666667, N, 0.3684210526315789, 7077
5.691985661602277, 0.046357615894039736, N, 0.3684210526315789, 5912
5.68922968561682, 0.046052631578947366, N, 0.3684210526315789, 76
5.676333581679514, 0.05228758169934641, R, 0.42105263157894735, 4569
5.67003955013441, 0.05844155844155844, R, 0.47368421052631576, 6664
5.667821563326008, 0.05806451612903226, N, 0.47368421052631576, 5785
5.660356914755734, 0.057692307692307696, N, 0.47368421052631576, 7440
5.653015513427398, 0.05732484076433121, N, 0.47368421052631576, 6277
5.639688121401057, 0.056962025316455694, N, 0.47368421052631576, 505
5.634133418792087, 0.05660377358490566, N, 0.47368421052631576, 7839
5.612391610474889, 0.05625, N, 0.47368421052631576, 3377
5.586754874259798, 0.055900621118012424, N, 0.47368421052631576, 2288
5.584408798049264, 0.05555555555555555, N, 0.47368421052631576, 7679
5.5649154638799505, 0.05521472392638037, N, 0.47368421052631576, 2980
5.538990783165741, 0.054878048780487805, N, 0.47368421052631576, 3683
5.486799944052541, 0.05454545454545454, N, 0.47368421052631576, 7048
5.479766583571302, 0.05421686746987952, N, 0.47368421052631576, 6579
5.465699862608827, 0.05389221556886228, N, 0.47368421052631576, 8825
5.46115592192804, 0.05952380952380952, R, 0.5263157894736842, 5472
5.40896508281484, 0.05917159763313609, N, 0.5263157894736842, 719
5.400346363373313, 0.058823529411764705, N, 0.5263157894736842, 690
5.386533893906261, 0.05847953216374269, N, 0.5263157894736842, 2364
5.380092311953755, 0.06395348837209303, R, 0.5789473684210527, 1502
5.371473592512228, 0.06358381502890173, N, 0.5789473684210527, 2948
5.363700903094856, 0.06321839080459771, N, 0.5789473684210527, 10411
5.359892680519122, 0.06285714285714286, N, 0.5789473684210527, 9309
5.3559251345855605, 0.0625, N, 0.5789473684210527, 9935
5.350373511068514, 0.062146892655367235, N, 0.5789473684210527, 7466
5.342600821651143, 0.06179775280898876, N, 0.5789473684210527, 1233
5.3411221637788735, 0.061452513966480445, N, 0.5789473684210527, 6921
5.3348281322337705, 0.06111111111111111, N, 0.5789473684210527, 5591
5.333349474361501, 0.06077348066298342, N, 0.5789473684210527, 11152
5.327055442816398, 0.06043956043956044, N, 0.5789473684210527, 7465
5.321500740207429, 0.060109289617486336, N, 0.5789473684210527, 11310
5.313728050790057, 0.059782608695652176, N, 0.5789473684210527, 3215
5.312988721853923, 0.05945945945945946, N, 0.5789473684210527, 1633
5.3122493929177885, 0.05913978494623656, N, 0.5789473684210527, 10924
5.3122493929177885, 0.058823529411764705, N, 0.5789473684210527, 709
5.309010279179872, 0.05851063829787234, N, 0.5789473684210527, 5554
5.306209612868109, 0.0582010582010582, N, 0.5789473684210527, 7082
5.306209612868109, 0.05789473684210526, N, 0.5789473684210527, 7814
5.305955361372685, 0.05759162303664921, N, 0.5789473684210527, 4147
5.305955361372685, 0.057291666666666664, N, 0.5789473684210527, 2224
5.305216032436551, 0.05699481865284974, N, 0.5789473684210527, 152
5.298922000891447, 0.05670103092783505, N, 0.5789473684210527, 3083
5.2981826719553125, 0.05641025641025641, N, 0.5789473684210527, 3082
5.2981826719553125, 0.05612244897959184, N, 0.5789473684210527, 4129
5.292142891905633, 0.05583756345177665, N, 0.5789473684210527, 4125
5.2918886404102095, 0.05555555555555555, N, 0.5789473684210527, 8883
5.291149311474075, 0.05527638190954774, N, 0.5789473684210527, 8258
5.290409982537941, 0.055, N, 0.5789473684210527, 11214
5.289667574509885, 0.05472636815920398, N, 0.5789473684210527, 3489
5.2833766220567036, 0.054455445544554455, N, 0.5789473684210527, 4463
5.276343261575466, 0.054187192118226604, N, 0.5789473684210527, 7230
5.274861524611275, 0.05392156862745098, N, 0.5789473684210527, 3060
5.267828164130037, 0.05365853658536585, N, 0.5789473684210527, 1897
5.267828164130037, 0.05339805825242718, N, 0.5789473684210527, 4827
5.260055474712665, 0.05314009661835749, N, 0.5789473684210527, 2800
5.254758102691042, 0.052884615384615384, N, 0.5789473684210527, 2367
5.251573520398693, 0.05263157894736842, N, 0.5789473684210527, 5638
5.2391060227682775, 0.05238095238095238, N, 0.5789473684210527, 8241
5.229416101480194, 0.052132701421800945, N, 0.5789473684210527, 9810
5.213030712554743, 0.05188679245283019, N, 0.5789473684210527, 8061
5.2102332519071926, 0.051643192488262914, N, 0.5789473684210527, 6275
5.204518694201237, 0.0514018691588785, N, 0.5789473684210527, 5705
5.202942560838609, 0.05116279069767442, N, 0.5789473684210527, 2833
5.201614532465666, 0.05092592592592592, N, 0.5789473684210527, 7625
5.181939954885255, 0.05069124423963134, N, 0.5789473684210527, 2100
5.174906594404017, 0.05045871559633028, N, 0.5789473684210527, 4259
5.174906594404017, 0.0502283105022831, N, 0.5789473684210527, 11350
5.15306718402417, 0.05, N, 0.5789473684210527, 4256
5.1481347442619825, 0.049773755656108594, N, 0.5789473684210527, 8333
5.134617643453856, 0.04954954954954955, N, 0.5789473684210527, 6867
5.134617643453856, 0.04932735426008968, N, 0.5789473684210527, 4474
5.122708469381407, 0.049107142857142856, N, 0.5789473684210527, 5144
5.1050055436566355, 0.04888888888888889, N, 0.5789473684210527, 6497
5.101608387937694, 0.048672566371681415, N, 0.5789473684210527, 10508
5.085224264988204, 0.048458149779735685, N, 0.5789473684210527, 10299
5.082413233675109, 0.04824561403508772, N, 0.5789473684210527, 4221
5.061326722896941, 0.048034934497816595, N, 0.5789473684210527, 7737
5.060573823295262, 0.04782608695652174, N, 0.5789473684210527, 7810
5.052801133877891, 0.047619047619047616, N, 0.5789473684210527, 2000
5.047829110772281, 0.04741379310344827, N, 0.5789473684210527, 6652
5.045767773396652, 0.04721030042918455, N, 0.5789473684210527, 6281
5.043013737099446, 0.04700854700854701, N, 0.5789473684210527, 9510
5.038734412915415, 0.04680851063829787, N, 0.5789473684210527, 3534
5.017634331471702, 0.046610169491525424, N, 0.5789473684210527, 6727
5.011183650493824, 0.046413502109704644, N, 0.5789473684210527, 11332
4.997116929531348, 0.046218487394957986, N, 0.5789473684210527, 5761
4.995055592155719, 0.04602510460251046, N, 0.5789473684210527, 11339
4.994316263219585, 0.04583333333333333, N, 0.5789473684210527, 9295
4.980249542257109, 0.04564315352697095, N, 0.5789473684210527, 35
4.980249542257109, 0.045454545454545456, N, 0.5789473684210527, 3500
4.972476852839738, 0.04526748971193416, N, 0.5789473684210527, 978
4.963118804462078, 0.045081967213114756, N, 0.5789473684210527, 8372
4.925295441249042, 0.044897959183673466, N, 0.5789473684210527, 9714
4.921551269422764, 0.044715447154471545, N, 0.5789473684210527, 7012
4.919001409703938, 0.044534412955465584, N, 0.5789473684210527, 9916
4.918262080767804, 0.04435483870967742, N, 0.5789473684210527, 4598
4.904195359805329, 0.04417670682730924, N, 0.5789473684210527, 1673
4.882355949425481, 0.044, N, 0.5789473684210527, 10861
4.875322588944243, 0.043824701195219126, N, 0.5789473684210527, 6443
4.875322588944243, 0.04365079365079365, N, 0.5789473684210527, 6698
4.87458326000811, 0.043478260869565216, N, 0.5789473684210527, 3381
4.87458326000811, 0.04330708661417323, N, 0.5789473684210527, 1528
4.869467131397584, 0.043137254901960784, N, 0.5789473684210527, 7898
4.834872516921134, 0.04296875, N, 0.5789473684210527, 2240
4.831975641094972, 0.042801556420233464, N, 0.5789473684210527, 7489
4.829018325350435, 0.04263565891472868, N, 0.5789473684210527, 8597
4.816430262260228, 0.04247104247104247, N, 0.5789473684210527, 1690
4.812293777605152, 0.04230769230769231, N, 0.5789473684210527, 9785
4.809383331113446, 0.0421455938697318, N, 0.5789473684210527, 6656
4.805260417123915, 0.04198473282442748, N, 0.5789473684210527, 3424
4.799392654887671, 0.04182509505703422, N, 0.5789473684210527, 5639
4.793851522944246, 0.041666666666666664, N, 0.5789473684210527, 536
4.786818162463009, 0.04150943396226415, N, 0.5789473684210527, 6712
4.786818162463009, 0.041353383458646614, N, 0.5789473684210527, 3065
4.783421006744067, 0.04119850187265917, N, 0.5789473684210527, 4603
4.77978480198177, 0.041044776119402986, N, 0.5789473684210527, 7275
4.772012112564399, 0.040892193308550186, N, 0.5789473684210527, 132
4.741647113165501, 0.040740740740740744, N, 0.5789473684210527, 11324
4.7353530816203975, 0.04059040590405904, N, 0.5789473684210527, 3905
4.7353530816203975, 0.04044117647058824, N, 0.5789473684210527, 9209
4.71351367124055, 0.040293040293040296, N, 0.5789473684210527, 11181
4.712035013368282, 0.040145985401459854, N, 0.5789473684210527, 441
4.707062990262672, 0.04, N, 0.5789473684210527, 7487
4.705740981823178, 0.03985507246376811, N, 0.5789473684210527, 1985
4.705562944076293, 0.039711191335740074, N, 0.5789473684210527, 8305
4.697228963469672, 0.039568345323741004, N, 0.5789473684210527, 1518
4.696489634533538, 0.03942652329749104, N, 0.5789473684210527, 3764
4.690934931924568, 0.039285714285714285, N, 0.5789473684210527, 10929
4.6901956029884335, 0.03914590747330961, N, 0.5789473684210527, 10235
4.6901956029884335, 0.03900709219858156, N, 0.5789473684210527, 187
4.6901956029884335, 0.038869257950530034, N, 0.5789473684210527, 3079
4.685962908818959, 0.03873239436619718, N, 0.5789473684210527, 533
4.685223579882825, 0.03859649122807018, N, 0.5789473684210527, 8298
4.685223579882825, 0.038461538461538464, N, 0.5789473684210527, 4811
4.68448425094669, 0.03832752613240418, N, 0.5789473684210527, 10410
4.683162242507196, 0.03819444444444445, N, 0.5789473684210527, 9602
4.683162242507196, 0.03806228373702422, N, 0.5789473684210527, 1162
4.683162242507196, 0.03793103448275862, N, 0.5789473684210527, 8695
4.678190219401587, 0.037800687285223365, N, 0.5789473684210527, 2940
4.678190219401587, 0.03767123287671233, N, 0.5789473684210527, 7467
4.675389553089825, 0.03754266211604096, N, 0.5789473684210527, 8888
4.675389553089825, 0.03741496598639456, N, 0.5789473684210527, 537
4.675389553089825, 0.03728813559322034, N, 0.5789473684210527, 4640
4.675389553089825, 0.037162162162162164, N, 0.5789473684210527, 9688
4.675389553089825, 0.037037037037037035, N, 0.5789473684210527, 8608
4.675389553089825, 0.03691275167785235, N, 0.5789473684210527, 1657
4.675282852001805, 0.03678929765886288, N, 0.5789473684210527, 2989
4.67465022415369, 0.03666666666666667, N, 0.5789473684210527, 2238
4.668356192608587, 0.036544850498338874, N, 0.5789473684210527, 3262
4.668356192608587, 0.03642384105960265, N, 0.5789473684210527, 11101
4.663384169502978, 0.036303630363036306, N, 0.5789473684210527, 8006
4.636720159852635, 0.03618421052631579, N, 0.5789473684210527, 7072
4.61521262238321, 0.036065573770491806, N, 0.5789473684210527, 9871
4.608586717927683, 0.03594771241830065, N, 0.5789473684210527, 5194
4.60784738899155, 0.035830618892508145, N, 0.5789473684210527, 3507
4.60784738899155, 0.03571428571428571, N, 0.5789473684210527, 10218
4.607546634053859, 0.03559870550161812, N, 0.5789473684210527, 1726
4.604929656590435, 0.035483870967741936, N, 0.5789473684210527, 3334
4.598596041701909, 0.03536977491961415, N, 0.5789473684210527, 9085
4.597277238926627, 0.035256410256410256, N, 0.5789473684210527, 1594
4.594219242027518, 0.03514376996805112, N, 0.5789473684210527, 3064
4.591562681220672, 0.03503184713375796, N, 0.5789473684210527, 7595
4.579413192128908, 0.03492063492063492, N, 0.5789473684210527, 3098
4.570462599776958, 0.03481012658227848, N, 0.5789473684210527, 7069
4.570462599776958, 0.03470031545741325, N, 0.5789473684210527, 8829
4.570462599776958, 0.03459119496855346, N, 0.5789473684210527, 2029
4.546737075499132, 0.034482758620689655, N, 0.5789473684210527, 4933
4.541921701826296, 0.034375, N, 0.5789473684210527, 3287
4.540443043954029, 0.03426791277258567, N, 0.5789473684210527, 227
4.539703715017894, 0.034161490683229816, N, 0.5789473684210527, 5077
4.539703715017894, 0.034055727554179564, N, 0.5789473684210527, 6987
4.53340968347279, 0.033950617283950615, N, 0.5789473684210527, 4573
4.53340968347279, 0.033846153846153845, N, 0.5789473684210527, 6634
4.527115651927687, 0.03374233128834356, N, 0.5789473684210527, 8005
4.52008229144645, 0.03363914373088685, N, 0.5789473684210527, 3508
4.52008229144645, 0.03353658536585366, N, 0.5789473684210527, 7075
4.519342962510315, 0.03343465045592705, N, 0.5789473684210527, 7107
4.519342962510315, 0.03333333333333333, N, 0.5789473684210527, 7354
4.51860363357418, 0.03323262839879154, N, 0.5789473684210527, 10217
4.51860363357418, 0.03313253012048193, N, 0.5789473684210527, 5579
4.513596651488916, 0.03303303303303303, N, 0.5789473684210527, 4930
4.498242881066601, 0.03293413173652695, N, 0.5789473684210527, 3210
4.497503552130468, 0.03283582089552239, N, 0.5789473684210527, 1870
4.497503552130468, 0.03273809523809524, N, 0.5789473684210527, 5662
4.496764223194333, 0.032640949554896145, N, 0.5789473684210527, 8841
4.4834368311679915, 0.03254437869822485, N, 0.5789473684210527, 618
4.482697502231857, 0.032448377581120944, N, 0.5789473684210527, 2693
4.467891452333248, 0.03235294117647059, N, 0.5789473684210527, 3405
4.467891452333248, 0.03225806451612903, N, 0.5789473684210527, 8672
4.460118762915876, 0.03216374269005848, N, 0.5789473684210527, 1737
4.453085402434638, 0.03206997084548105, N, 0.5789473684210527, 1828
4.425499681033392, 0.03197674418604651, N, 0.5789473684210527, 4411
4.396166300137629, 0.03188405797101449, N, 0.5789473684210527, 7899
4.374326889757782, 0.031791907514450865, N, 0.5789473684210527, 9878
4.319952698268222, 0.03170028818443804, N, 0.5789473684210527, 6370
4.30870195753022, 0.031609195402298854, N, 0.5789473684210527, 7496
4.30870195753022, 0.03151862464183381, N, 0.5789473684210527, 4349
4.286862547150372, 0.03142857142857143, N, 0.5789473684210527, 4089
4.2494777579357805, 0.03133903133903134, N, 0.5789473684210527, 420
4.2076671621303925, 0.03125, N, 0.5789473684210527, 7778
4.150530510564783, 0.031161473087818695, N, 0.5789473684210527, 7555
4.1347064128285815, 0.031073446327683617, N, 0.5789473684210527, 4124
4.126194394475075, 0.030985915492957747, N, 0.5789473684210527, 8573
4.1121276735126, 0.03089887640449438, N, 0.5789473684210527, 4590
4.1005576582599845, 0.03081232492997199, N, 0.5789473684210527, 4127
4.099818329323851, 0.030726256983240222, N, 0.5789473684210527, 2956
4.092784968842612, 0.03064066852367688, N, 0.5789473684210527, 11087
4.085751608361375, 0.030555555555555555, N, 0.5789473684210527, 8496
4.084166249401086, 0.030470914127423823, N, 0.5789473684210527, 6090
4.083254902651515, 0.03038674033149171, N, 0.5789473684210527, 9782
4.070945558462765, 0.030303030303030304, N, 0.5789473684210527, 1988
4.070945558462765, 0.03021978021978022, N, 0.5789473684210527, 2793
4.063912197981527, 0.030136986301369864, N, 0.5789473684210527, 8140
4.033454068160153, 0.030054644808743168, N, 0.5789473684210527, 7884
4.0116146577803065, 0.02997275204359673, N, 0.5789473684210527, 7258
4.00658069074743, 0.03260869565217391, R, 0.631578947368421, 6480
4.003841968362934, 0.032520325203252036, N, 0.631578947368421, 5880
4.003841968362934, 0.032432432432432434, N, 0.631578947368421, 9193
3.989775247400458, 0.03234501347708895, N, 0.631578947368421, 1067
3.989775247400458, 0.03225806451612903, N, 0.631578947368421, 7344
3.982002557983087, 0.032171581769437, N, 0.631578947368421, 3982
3.979186577758613, 0.03208556149732621, N, 0.631578947368421, 7013
3.967935837020611, 0.032, N, 0.631578947368421, 2688
3.955868509506497, 0.031914893617021274, N, 0.631578947368421, 5382
3.9535407425181517, 0.03183023872679045, N, 0.631578947368421, 9837
3.952801413582018, 0.031746031746031744, N, 0.631578947368421, 2272
3.9523904581858673, 0.0316622691292876, N, 0.631578947368421, 8676
3.859879843855998, 0.031578947368421054, N, 0.631578947368421, 8267
3.8594585234585153, 0.031496062992125984, N, 0.631578947368421, 6908
3.843173815687637, 0.031413612565445025, N, 0.631578947368421, 3080
3.838358442014802, 0.031331592689295036, N, 0.631578947368421, 6337
3.83058575259743, 0.03125, N, 0.631578947368421, 3114
3.8150403737626863, 0.03116883116883117, N, 0.631578947368421, 10779
3.7932009633828385, 0.031088082901554404, N, 0.631578947368421, 3939
3.7802948917539796, 0.031007751937984496, N, 0.631578947368421, 10931
3.778394913484229, 0.030927835051546393, N, 0.631578947368421, 4549
3.775011622137059, 0.030848329048843187, N, 0.631578947368421, 6990
3.771361553002991, 0.03076923076923077, N, 0.631578947368421, 4353
3.769882895130723, 0.030690537084398978, N, 0.631578947368421, 3642
3.7165267514787543, 0.030612244897959183, N, 0.631578947368421, 9600
3.710972048869785, 0.030534351145038167, N, 0.631578947368421, 2942
3.7094933909975163, 0.030456852791878174, N, 0.631578947368421, 2003
3.672847930719059, 0.030379746835443037, N, 0.631578947368421, 1777
3.635353361324525, 0.030303030303030304, N, 0.631578947368421, 9906
3.619807982489781, 0.030226700251889168, N, 0.631578947368421, 9239
3.6035232747189028, 0.03015075376884422, N, 0.631578947368421, 8908
3.5831625222113237, 0.03007518796992481, N, 0.631578947368421, 6220
3.5824231932751895, 0.03, N, 0.631578947368421, 524
3.575698615734943, 0.029925187032418952, N, 0.631578947368421, 6352
3.569095801248848, 0.029850746268656716, N, 0.631578947368421, 10373
3.560583782895342, 0.02977667493796526, N, 0.631578947368421, 3394
3.5572378414971144, 0.0297029702970297, N, 0.631578947368421, 8387
3.5568165210996323, 0.02962962962962963, N, 0.631578947368421, 4744
3.5494651520797427, 0.029556650246305417, N, 0.631578947368421, 8088
3.5483045027461264, 0.029484029484029485, N, 0.631578947368421, 7711
3.5465170619328665, 0.029411764705882353, N, 0.631578947368421, 1537
3.546399869271225, 0.029339853300733496, N, 0.631578947368421, 9973
3.5387443725154943, 0.02926829268292683, N, 0.631578947368421, 143
3.5383138265203518, 0.029197080291970802, N, 0.631578947368421, 6029
3.5339197732449987, 0.02912621359223301, N, 0.631578947368421, 4745
3.526886412763761, 0.029055690072639227, N, 0.631578947368421, 9687
3.526886412763761, 0.028985507246376812, N, 0.631578947368421, 2279
3.523349623180077, 0.02891566265060241, N, 0.631578947368421, 5581
3.519853052282523, 0.028846153846153848, N, 0.631578947368421, 10812
3.519431731885041, 0.02877697841726619, N, 0.631578947368421, 6076
3.511341033929017, 0.028708133971291867, N, 0.631578947368421, 8410
3.504625681986431, 0.028639618138424822, N, 0.631578947368421, 5957
3.504625681986431, 0.02857142857142857, N, 0.631578947368421, 11258
3.503886353050297, 0.028503562945368172, N, 0.631578947368421, 6614
3.4968529925690595, 0.02843601895734597, N, 0.631578947368421, 9772
3.4937375233828574, 0.028368794326241134, N, 0.631578947368421, 9848
3.48950162354917, 0.02830188679245283, N, 0.631578947368421, 114
3.4890803031516873, 0.02823529411764706, N, 0.631578947368421, 10216
3.486436340740652, 0.028169014084507043, N, 0.631578947368421, 7116
3.482468263067932, 0.02810304449648712, N, 0.631578947368421, 121
3.4813076137343155, 0.028037383177570093, N, 0.631578947368421, 5760
3.4684015421054566, 0.027972027972027972, N, 0.631578947368421, 1436
3.4594682033544677, 0.027906976744186046, N, 0.631578947368421, 9679
3.4535954922068464, 0.027842227378190254, N, 0.631578947368421, 7037
3.450530209398329, 0.027777777777777776, N, 0.631578947368421, 6957
3.4490515515260607, 0.02771362586605081, N, 0.631578947368421, 4823
3.4412788621086885, 0.029953917050691243, R, 0.6842105263157895, 4462
3.4357241594997188, 0.029885057471264367, N, 0.6842105263157895, 8862
3.423983392409627, 0.02981651376146789, N, 0.6842105263157895, 4499
3.406851388638634, 0.029748283752860413, N, 0.6842105263157895, 2061
3.406259610109902, 0.02968036529680365, N, 0.6842105263157895, 7517
3.4061120597024996, 0.029612756264236904, N, 0.6842105263157895, 3433
3.4053727307663655, 0.029545454545454545, N, 0.6842105263157895, 10660
3.399818028157396, 0.02947845804988662, N, 0.6842105263157895, 4936
3.3976000413489933, 0.029411764705882353, N, 0.6842105263157895, 6460
3.3898273519316215, 0.029345372460496615, N, 0.6842105263157895, 6011
3.3842726493226523, 0.03153153153153153, R, 0.7368421052631579, 6471
3.3835333203865177, 0.033707865168539325, R, 0.7894736842105263, 9988
3.3835333203865177, 0.033632286995515695, N, 0.7894736842105263, 10798
3.37649995990528, 0.03355704697986577, N, 0.7894736842105263, 2831
3.3750213020330118, 0.033482142857142856, N, 0.7894736842105263, 9338
3.3750213020330118, 0.0334075723830735, N, 0.7894736842105263, 8494
3.369466599424042, 0.03333333333333333, N, 0.7894736842105263, 4120
3.3687272704879083, 0.03325942350332594, N, 0.7894736842105263, 4964
3.3687272704879083, 0.033185840707964605, N, 0.7894736842105263, 9987
3.3687272704879083, 0.033112582781456956, N, 0.7894736842105263, 4112
3.3679879415517737, 0.03303964757709251, N, 0.7894736842105263, 2554
3.3616939100066703, 0.03296703296703297, N, 0.7894736842105263, 2439
3.360954581070536, 0.03289473684210526, N, 0.7894736842105263, 10802
3.353921220589298, 0.03282275711159737, N, 0.7894736842105263, 2105
3.353921220589298, 0.03275109170305677, N, 0.7894736842105263, 7940
3.353921220589298, 0.032679738562091505, N, 0.7894736842105263, 2485
3.3531818916531644, 0.03260869565217391, N, 0.7894736842105263, 546
3.3515934536009526, 0.03253796095444685, N, 0.7894736842105263, 4995
3.3468878601080605, 0.032467532467532464, N, 0.7894736842105263, 4832
3.3391151706906887, 0.032397408207343416, N, 0.7894736842105263, 8543
3.3391151706906887, 0.032327586206896554, N, 0.7894736842105263, 2104
3.336787403702343, 0.03225806451612903, N, 0.7894736842105263, 8164
3.331232701093373, 0.032188841201716736, N, 0.7894736842105263, 9856
3.3304933721572394, 0.032119914346895075, N, 0.7894736842105263, 4953
3.3241993406121355, 0.03205128205128205, N, 0.7894736842105263, 4064
3.3187952675024923, 0.031982942430703626, N, 0.7894736842105263, 2308
3.3174233107182443, 0.031914893617021274, N, 0.7894736842105263, 1514
3.315687322258629, 0.03184713375796178, N, 0.7894736842105263, 9678
3.3079146328412574, 0.03177966101694915, N, 0.7894736842105263, 3206
3.304835247628037, 0.03171247357293869, N, 0.7894736842105263, 2366
3.2994026144877515, 0.03164556962025317, N, 0.7894736842105263, 5430
3.2938479118787822, 0.031578947368421054, N, 0.7894736842105263, 3690
3.28707188198489, 0.031512605042016806, N, 0.7894736842105263, 8599
3.285335893525276, 0.031446540880503145, N, 0.7894736842105263, 10564
3.280777850439787, 0.03138075313807531, N, 0.7894736842105263, 1887
3.2797811909163066, 0.031315240083507306, N, 0.7894736842105263, 10946
3.2783025330440383, 0.03125, N, 0.7894736842105263, 1420
3.272008501498935, 0.031185031185031187, N, 0.7894736842105263, 9292
3.269941144189858, 0.03112033195020747, N, 0.7894736842105263, 9695
3.2642358120815627, 0.031055900621118012, N, 0.7894736842105263, 10801
3.2634964831454285, 0.030991735537190084, N, 0.7894736842105263, 4712
3.262168454772486, 0.030927835051546393, N, 0.7894736842105263, 7569
3.257941780536459, 0.030864197530864196, N, 0.7894736842105263, 3392
3.2572024516003246, 0.030800821355236138, N, 0.7894736842105263, 9065
3.256463122664191, 0.030737704918032786, N, 0.7894736842105263, 5432
3.2557237937280563, 0.03067484662576687, N, 0.7894736842105263, 9559
3.2531171812659636, 0.030612244897959183, N, 0.7894736842105263, 2897
3.250899194457561, 0.03054989816700611, N, 0.7894736842105263, 6486
3.2486904332468187, 0.03048780487804878, N, 0.7894736842105263, 1798
3.2486904332468187, 0.030425963488843813, N, 0.7894736842105263, 1029
3.2431265050401894, 0.030364372469635626, N, 0.7894736842105263, 4855
3.234623712284343, 0.030303030303030304, N, 0.7894736842105263, 1884
3.234623712284343, 0.03024193548387097, N, 0.7894736842105263, 10163
3.234623712284343, 0.030181086519114688, N, 0.7894736842105263, 10028
3.230690869164427, 0.030120481927710843, N, 0.7894736842105263, 5506
3.2284803102385653, 0.03006012024048096, N, 0.7894736842105263, 5786
3.22276575253261, 0.03, N, 0.7894736842105263, 2744
3.222026423596476, 0.029940119760479042, N, 0.7894736842105263, 6728
3.2199682918850594, 0.029880478087649404, N, 0.7894736842105263, 6096
3.2086990315701343, 0.02982107355864811, N, 0.7894736842105263, 5946
3.2001870132166284, 0.02976190476190476, N, 0.7894736842105263, 10574
3.1924143237992566, 0.0297029702970297, N, 0.7894736842105263, 4323
3.1868596211902873, 0.029644268774703556, N, 0.7894736842105263, 7749
3.1868596211902873, 0.029585798816568046, N, 0.7894736842105263, 8176
3.1868596211902873, 0.02952755905511811, N, 0.7894736842105263, 7970
3.1868596211902873, 0.029469548133595286, N, 0.7894736842105263, 2896
3.1868596211902873, 0.029411764705882353, N, 0.7894736842105263, 1313
3.1861202922541527, 0.029354207436399216, N, 0.7894736842105263, 4633
3.183162976509616, 0.029296875, N, 0.7894736842105263, 9509
3.179086931772915, 0.029239766081871343, N, 0.7894736842105263, 6980
3.179086931772915, 0.029182879377431907, N, 0.7894736842105263, 2670
3.178347602836781, 0.02912621359223301, N, 0.7894736842105263, 4054
3.1768689449645127, 0.029069767441860465, N, 0.7894736842105263, 4164
3.172053571291677, 0.029013539651837523, N, 0.7894736842105263, 1450
3.170574913419409, 0.02895752895752896, N, 0.7894736842105263, 761
3.167509630610891, 0.028901734104046242, N, 0.7894736842105263, 7887
3.1642808818743053, 0.028846153846153848, N, 0.7894736842105263, 8620
3.163541552938171, 0.028790786948176585, N, 0.7894736842105263, 9739
3.163541552938171, 0.028735632183908046, N, 0.7894736842105263, 5608
3.163541552938171, 0.028680688336520075, N, 0.7894736842105263, 6259
3.162802224002037, 0.02862595419847328, N, 0.7894736842105263, 2914
3.156508192456933, 0.02857142857142857, N, 0.7894736842105263, 1781
3.156508192456933, 0.028517110266159697, N, 0.7894736842105263, 9385
3.156508192456933, 0.028462998102466792, N, 0.7894736842105263, 4691
3.1502141609118297, 0.028409090909090908, N, 0.7894736842105263, 4168
3.1494748319756956, 0.02835538752362949, N, 0.7894736842105263, 9747
3.1494748319756956, 0.02830188679245283, N, 0.7894736842105263, 5119
3.1494748319756956, 0.02824858757062147, N, 0.7894736842105263, 7153
3.1494748319756956, 0.02819548872180451, N, 0.7894736842105263, 9630
3.1479961741034272, 0.028142589118198873, N, 0.7894736842105263, 3236
3.141702142558324, 0.028089887640449437, N, 0.7894736842105263, 9386
3.141702142558324, 0.028037383177570093, N, 0.7894736842105263, 4281
3.141702142558324, 0.027985074626865673, N, 0.7894736842105263, 478
3.140962813622189, 0.027932960893854747, N, 0.7894736842105263, 10487
3.1378975308136714, 0.027881040892193308, N, 0.7894736842105263, 4968
3.1346687820770858, 0.027829313543599257, N, 0.7894736842105263, 549
3.1346687820770858, 0.027777777777777776, N, 0.7894736842105263, 11014
3.1331901242048175, 0.027726432532347505, N, 0.7894736842105263, 7371
3.1308641703324334, 0.027675276752767528, N, 0.7894736842105263, 9791
3.130124841396299, 0.027624309392265192, N, 0.7894736842105263, 781
3.1300150612163558, 0.027573529411764705, N, 0.7894736842105263, 2900
3.129385512460165, 0.029357798165137616, R, 0.8421052631578947, 10588
3.127635421595848, 0.029304029304029304, N, 0.8421052631578947, 8791
3.1268960926597136, 0.029250457038391225, N, 0.8421052631578947, 167
3.1268960926597136, 0.029197080291970802, N, 0.8421052631578947, 599
3.1160581204338236, 0.029143897996357013, N, 0.8421052631578947, 929
3.1145794625615553, 0.02909090909090909, N, 0.8421052631578947, 2241
3.109024759952586, 0.029038112522686024, N, 0.8421052631578947, 9223
3.109024759952586, 0.028985507246376812, N, 0.8421052631578947, 153
3.108285431016452, 0.028933092224231464, N, 0.8421052631578947, 8658
3.1075461020803172, 0.02888086642599278, N, 0.8421052631578947, 7196
3.101991399471348, 0.02882882882882883, N, 0.8421052631578947, 5470
3.0997734126629455, 0.02877697841726619, N, 0.8421052631578947, 6276
3.0949580389901103, 0.02872531418312388, N, 0.8421052631578947, 11358
3.0949580389901103, 0.02867383512544803, N, 0.8421052631578947, 7119
3.094218710053976, 0.028622540250447227, N, 0.8421052631578947, 2591
3.094218710053976, 0.02857142857142857, N, 0.8421052631578947, 53
3.094218710053976, 0.0285204991087344, N, 0.8421052631578947, 8692
3.093479381117842, 0.028469750889679714, N, 0.8421052631578947, 8873
3.092740052181708, 0.028419182948490232, N, 0.8421052631578947, 8363
3.0879246785088723, 0.028368794326241134, N, 0.8421052631578947, 518
3.0871853495727386, 0.02831858407079646, N, 0.8421052631578947, 1230
3.086446020636604, 0.028268551236749116, N, 0.8421052631578947, 4377
3.086446020636604, 0.02821869488536155, N, 0.8421052631578947, 1600
3.086446020636604, 0.028169014084507043, N, 0.8421052631578947, 3010
3.0857066917004703, 0.028119507908611598, N, 0.8421052631578947, 2620
3.0857066917004703, 0.028070175438596492, N, 0.8421052631578947, 2837
3.0808913180276347, 0.028021015761821366, N, 0.8421052631578947, 3885
3.0801519890915006, 0.027972027972027972, N, 0.8421052631578947, 6241
3.0794126601553664, 0.027923211169284468, N, 0.8421052631578947, 5840
3.0794126601553664, 0.027874564459930314, N, 0.8421052631578947, 8382
3.0794126601553664, 0.02782608695652174, N, 0.8421052631578947, 412
3.0794126601553664, 0.027777777777777776, N, 0.8421052631578947, 8822
3.0786733312192323, 0.02772963604852686, N, 0.8421052631578947, 4237
3.0723792996741284, 0.02768166089965398, N, 0.8421052631578947, 9402
3.0723792996741284, 0.027633851468048358, N, 0.8421052631578947, 5301
3.0716399707379947, 0.027586206896551724, N, 0.8421052631578947, 8996
3.0716399707379947, 0.027538726333907058, N, 0.8421052631578947, 8579
3.0716399707379947, 0.027491408934707903, N, 0.8421052631578947, 8717
3.07090064180186, 0.0274442538593482, N, 0.8421052631578947, 10077
3.068551486499403, 0.0273972602739726, N, 0.8421052631578947, 4341
3.065345939192891, 0.02735042735042735, N, 0.8421052631578947, 1719
3.0646066102567566, 0.027303754266211604, N, 0.8421052631578947, 1242
3.0638672813206225, 0.028960817717206135, R, 0.8947368421052632, 10081
3.0638672813206225, 0.02891156462585034, N, 0.8947368421052632, 2223
3.0638672813206225, 0.028862478777589132, N, 0.8947368421052632, 10068
3.0631279523844883, 0.0288135593220339, N, 0.8947368421052632, 9815
3.0568339208393844, 0.028764805414551606, N, 0.8947368421052632, 8014
3.0568339208393844, 0.028716216216216218, N, 0.8947368421052632, 10637
3.0568339208393844, 0.02866779089376054, N, 0.8947368421052632, 8255
3.0568339208393844, 0.02861952861952862, N, 0.8947368421052632, 9232
3.0568339208393844, 0.02857142857142857, N, 0.8947368421052632, 10940
3.0568339208393844, 0.028523489932885907, N, 0.8947368421052632, 9879
3.049800560358147, 0.02847571189279732, N, 0.8947368421052632, 2369
3.049800560358147, 0.028428093645484948, N, 0.8947368421052632, 4641
3.049800560358147, 0.028380634390651086, N, 0.8947368421052632, 70
3.0490612314220127, 0.028333333333333332, N, 0.8947368421052632, 3990
3.042027870940775, 0.028286189683860232, N, 0.8947368421052632, 1844
3.0326453551570802, 0.02823920265780731, N, 0.8947368421052632, 5636
3.0326453551570802, 0.028192371475953566, N, 0.8947368421052632, 6784
3.026630042513434, 0.028145695364238412, N, 0.8947368421052632, 7192
3.018578634194604, 0.02809917355371901, N, 0.8947368421052632, 7459
3.0118239926148243, 0.028052805280528052, N, 0.8947368421052632, 7976
3.0108273330913438, 0.02800658978583196, N, 0.8947368421052632, 6149
3.010238633654536, 0.027960526315789474, N, 0.8947368421052632, 6565
3.0045333015462408, 0.027914614121510674, N, 0.8947368421052632, 9843
3.003793972610106, 0.027868852459016394, N, 0.8947368421052632, 11025
3.003793972610106, 0.027823240589198037, N, 0.8947368421052632, 6309
3.003793972610106, 0.027777777777777776, N, 0.8947368421052632, 3448
2.9974999410650027, 0.02773246329526917, N, 0.8947368421052632, 9936
2.9960212831927344, 0.02768729641693811, N, 0.8947368421052632, 51
2.990466580583765, 0.027642276422764227, N, 0.8947368421052632, 8952
2.9897272516476305, 0.027597402597402596, N, 0.8947368421052632, 369
2.988987922711497, 0.027552674230145867, N, 0.8947368421052632, 5734
2.988987922711497, 0.02750809061488673, N, 0.8947368421052632, 3586
2.988987922711497, 0.027463651050080775, N, 0.8947368421052632, 1586
2.9883992232746888, 0.027419354838709678, N, 0.8947368421052632, 4888
2.984429879626007, 0.027375201288244767, N, 0.8947368421052632, 10784
2.981954562230259, 0.027331189710610933, N, 0.8947368421052632, 10905
2.981954562230259, 0.027287319422150885, N, 0.8947368421052632, 1079
2.9819453366325988, 0.027243589743589744, N, 0.8947368421052632, 1131
2.9812152332941246, 0.0272, N, 0.8947368421052632, 3721
2.9804759043579905, 0.027156549520766772, N, 0.8947368421052632, 3369
2.9804759043579905, 0.02711323763955343, N, 0.8947368421052632, 9036
2.9804759043579905, 0.027070063694267517, N, 0.8947368421052632, 10102
2.9766571902086354, 0.02702702702702703, N, 0.8947368421052632, 5179
2.976390634023629, 0.026984126984126985, N, 0.8947368421052632, 6110
2.974921201749021, 0.02694136291600634, N, 0.8947368421052632, 2078
2.974921201749021, 0.02689873417721519, N, 0.8947368421052632, 5178
2.9741818728128866, 0.026856240126382307, N, 0.8947368421052632, 5135
2.9741818728128866, 0.026813880126182965, N, 0.8947368421052632, 3339
2.973442543876753, 0.026771653543307086, N, 0.8947368421052632, 3447
2.9727032149406183, 0.026729559748427674, N, 0.8947368421052632, 8663
2.9727032149406183, 0.026687598116169546, N, 0.8947368421052632, 3336
2.969623829727398, 0.02664576802507837, N, 0.8947368421052632, 5300
2.968884500791263, 0.026604068857589983, N, 0.8947368421052632, 10807
2.9681451718551295, 0.0265625, N, 0.8947368421052632, 6013
2.967148512331649, 0.0265210608424337, N, 0.8947368421052632, 2613
2.967148512331649, 0.0264797507788162, N, 0.8947368421052632, 6699
2.967148512331649, 0.026438569206842923, N, 0.8947368421052632, 10563
2.966409183395515, 0.026397515527950312, N, 0.8947368421052632, 2257
2.966409183395515, 0.02635658914728682, N, 0.8947368421052632, 1922
2.966409183395515, 0.02631578947368421, N, 0.8947368421052632, 4093
2.9656698544593807, 0.02627511591962906, N, 0.8947368421052632, 10791
2.9649305255232465, 0.026234567901234566, N, 0.8947368421052632, 8154
2.9618511403100256, 0.026194144838212634, N, 0.8947368421052632, 7752
2.960115151850411, 0.026153846153846153, N, 0.8947368421052632, 10256
2.960115151850411, 0.026113671274961597, N, 0.8947368421052632, 4589
2.960115151850411, 0.02607361963190184, N, 0.8947368421052632, 2943
2.960115151850411, 0.026033690658499236, N, 0.8947368421052632, 9538
2.960115151850411, 0.02599388379204893, N, 0.8947368421052632, 8655
2.960115151850411, 0.025954198473282442, N, 0.8947368421052632, 5832
2.9593758229142773, 0.025914634146341462, N, 0.8947368421052632, 129
2.9593758229142773, 0.0258751902587519, N, 0.8947368421052632, 3337
2.9593758229142773, 0.025835866261398176, N, 0.8947368421052632, 3048
2.9593758229142773, 0.025796661608497723, N, 0.8947368421052632, 6426
2.9593758229142773, 0.025757575757575757, N, 0.8947368421052632, 5839
2.9593758229142773, 0.025718608169440244, N, 0.8947368421052632, 895
2.9593758229142773, 0.0256797583081571, N, 0.8947368421052632, 3937
2.9593758229142773, 0.02564102564102564, N, 0.8947368421052632, 9189
2.9593758229142773, 0.025602409638554216, N, 0.8947368421052632, 5448
2.9593758229142773, 0.02556390977443609, N, 0.8947368421052632, 2675
2.9586364939781427, 0.025525525525525526, N, 0.8947368421052632, 2430
2.9586364939781427, 0.025487256371814093, N, 0.8947368421052632, 9357
2.9548177798287876, 0.025449101796407185, N, 0.8947368421052632, 9593
2.953971749804634, 0.025411061285500747, N, 0.8947368421052632, 2161
2.952342462433039, 0.025373134328358207, N, 0.8947368421052632, 9647
2.952342462433039, 0.02533532041728763, N, 0.8947368421052632, 5457
2.952342462433039, 0.025297619047619048, N, 0.8947368421052632, 9069
2.952342462433039, 0.02526002971768202, N, 0.8947368421052632, 10607
2.952342462433039, 0.025222551928783383, N, 0.8947368421052632, 3758
2.952342462433039, 0.025185185185185185, N, 0.8947368421052632, 10074
2.952342462433039, 0.02514792899408284, N, 0.8947368421052632, 6879
2.952342462433039, 0.025110782865583457, N, 0.8947368421052632, 2944
2.952342462433039, 0.025073746312684365, N, 0.8947368421052632, 8525
2.952342462433039, 0.025036818851251842, N, 0.8947368421052632, 2424
2.952342462433039, 0.025, N, 0.8947368421052632, 2947
2.951603133496905, 0.024963289280469897, N, 0.8947368421052632, 3253
2.951603133496905, 0.024926686217008796, N, 0.8947368421052632, 10023
2.951603133496905, 0.024890190336749635, N, 0.8947368421052632, 9569
2.951603133496905, 0.024853801169590642, N, 0.8947368421052632, 5245
2.951603133496905, 0.024817518248175182, N, 0.8947368421052632, 255
2.951603133496905, 0.02478134110787172, N, 0.8947368421052632, 10254
2.948257192098678, 0.024745269286754003, N, 0.8947368421052632, 6847
2.94778441934755, 0.024709302325581394, N, 0.8947368421052632, 1993
2.94677853422641, 0.02467343976777939, N, 0.8947368421052632, 5210
2.9453091019518016, 0.02463768115942029, N, 0.8947368421052632, 3725
2.9453091019518016, 0.024602026049204053, N, 0.8947368421052632, 2921
2.9453091019518016, 0.024566473988439308, N, 0.8947368421052632, 6435
2.9453091019518016, 0.024531024531024532, N, 0.8947368421052632, 7476
2.9453091019518016, 0.024495677233429394, N, 0.8947368421052632, 395
2.944569773015667, 0.02446043165467626, N, 0.8947368421052632, 2040
2.944569773015667, 0.02442528735632184, N, 0.8947368421052632, 4186
2.944569773015667, 0.024390243902439025, N, 0.8947368421052632, 9435
2.944569773015667, 0.024355300859598854, N, 0.8947368421052632, 3043
2.944569773015667, 0.024320457796852647, N, 0.8947368421052632, 3710
2.944569773015667, 0.024285714285714285, N, 0.8947368421052632, 4188
2.944569773015667, 0.024251069900142655, N, 0.8947368421052632, 9932
2.944569773015667, 0.024216524216524215, N, 0.8947368421052632, 2205
2.944569773015667, 0.02418207681365576, N, 0.8947368421052632, 8636
2.944569773015667, 0.024147727272727272, N, 0.8947368421052632, 7539
2.944569773015667, 0.024113475177304965, N, 0.8947368421052632, 4180
2.944569773015667, 0.024079320113314446, N, 0.8947368421052632, 5130
2.944569773015667, 0.024045261669024046, N, 0.8947368421052632, 2182
2.94122383161744, 0.02401129943502825, N, 0.8947368421052632, 4690
2.937687042033756, 0.023977433004231313, N, 0.8947368421052632, 5200
2.9375364125344294, 0.023943661971830985, N, 0.8947368421052632, 1588
2.9375364125344294, 0.02390998593530239, N, 0.8947368421052632, 1846
2.9375364125344294, 0.023876404494382022, N, 0.8947368421052632, 11374
2.9375364125344294, 0.023842917251051893, N, 0.8947368421052632, 6856
2.9375364125344294, 0.023809523809523808, N, 0.8947368421052632, 5494
2.9375364125344294, 0.023776223776223775, N, 0.8947368421052632, 9165
2.9375364125344294, 0.023743016759776536, N, 0.8947368421052632, 158
2.9375364125344294, 0.023709902370990237, N, 0.8947368421052632, 8501
2.9375364125344294, 0.023676880222841225, N, 0.8947368421052632, 8238
2.9375364125344294, 0.02364394993045897, N, 0.8947368421052632, 6048
2.9375364125344294, 0.02361111111111111, N, 0.8947368421052632, 7285
2.9375364125344294, 0.023578363384188627, N, 0.8947368421052632, 3050
2.9375364125344294, 0.023545706371191136, N, 0.8947368421052632, 9078
2.9375364125344294, 0.02351313969571231, N, 0.8947368421052632, 6344
2.9375364125344294, 0.023480662983425413, N, 0.8947368421052632, 5543
2.9375364125344294, 0.023448275862068966, N, 0.8947368421052632, 2549
2.9375364125344294, 0.023415977961432508, N, 0.8947368421052632, 2695
2.9375364125344294, 0.023383768913342505, N, 0.8947368421052632, 3959
2.9375364125344294, 0.023351648351648352, N, 0.8947368421052632, 9993
2.9367970835982953, 0.023319615912208505, N, 0.8947368421052632, 5628
2.9367970835982953, 0.023287671232876714, N, 0.8947368421052632, 1609
2.9367970835982953, 0.023255813953488372, N, 0.8947368421052632, 10187
2.9367970835982953, 0.023224043715846996, N, 0.8947368421052632, 3942
2.931393010488652, 0.023192360163710776, N, 0.8947368421052632, 9265
2.931233155391666, 0.02316076294277929, N, 0.8947368421052632, 7174
2.931233155391666, 0.02312925170068027, N, 0.8947368421052632, 7438
2.9297637231170577, 0.02309782608695652, N, 0.8947368421052632, 4737
2.9297637231170577, 0.023066485753052916, N, 0.8947368421052632, 5132
2.9297637231170577, 0.023035230352303523, N, 0.8947368421052632, 7753
2.9297637231170577, 0.023004059539918808, N, 0.8947368421052632, 8574
2.9297637231170577, 0.022972972972972974, N, 0.8947368421052632, 133
2.9297637231170577, 0.022941970310391364, N, 0.8947368421052632, 9071
2.9297637231170577, 0.022911051212938006, N, 0.8947368421052632, 222
2.9297637231170577, 0.02288021534320323, N, 0.8947368421052632, 9306
2.9297637231170577, 0.0228494623655914, N, 0.8947368421052632, 10027
2.9297637231170577, 0.022818791946308724, N, 0.8947368421052632, 1683
2.9256784527826962, 0.022788203753351208, N, 0.8947368421052632, 9886
2.919384421237593, 0.022757697456492636, N, 0.8947368421052632, 6807
2.910292929044939, 0.022727272727272728, N, 0.8947368421052632, 6144
2.9101330739479523, 0.022696929238985315, N, 0.8947368421052632, 4356
2.9088142711726706, 0.02266666666666667, N, 0.8947368421052632, 7276
2.9080749422365364, 0.022636484687083888, N, 0.8947368421052632, 8484
2.9053177002751176, 0.022606382978723406, N, 0.8947368421052632, 11249
2.903839042402849, 0.02257636122177955, N, 0.8947368421052632, 920
2.9032595685637013, 0.022546419098143235, N, 0.8947368421052632, 6673
2.9030997134667147, 0.022516556291390728, N, 0.8947368421052632, 9113
2.9030997134667147, 0.022486772486772486, N, 0.8947368421052632, 10872
2.9030997134667147, 0.022457067371202115, N, 0.8947368421052632, 4778
2.8975450108577454, 0.022427440633245383, N, 0.8947368421052632, 3932
2.8968056819216113, 0.022397891963109356, N, 0.8947368421052632, 8090
2.8945876951132083, 0.02236842105263158, N, 0.8947368421052632, 9172
2.889032992504239, 0.022339027595269383, N, 0.8947368421052632, 7740
2.889032992504239, 0.02230971128608924, N, 0.8947368421052632, 9653
2.889032992504239, 0.022280471821756225, N, 0.8947368421052632, 901
2.8877141897289573, 0.02225130890052356, N, 0.8947368421052632, 8304
2.8875543346319708, 0.022222222222222223, N, 0.8947368421052632, 4985
2.8819996320230015, 0.022193211488250653, N, 0.8947368421052632, 5317
2.8812603030868673, 0.02216427640156454, N, 0.8947368421052632, 7633
2.8812603030868673, 0.022135416666666668, N, 0.8947368421052632, 9978
2.8812603030868673, 0.022106631989596878, N, 0.8947368421052632, 4753
2.8812603030868673, 0.02207792207792208, N, 0.8947368421052632, 362
2.8805209741507327, 0.02204928664072633, N, 0.8947368421052632, 5218
2.879781645214599, 0.022020725388601035, N, 0.8947368421052632, 5801
2.875705600477898, 0.02199223803363519, N, 0.8947368421052632, 10651
2.8749662715417634, 0.021963824289405683, N, 0.8947368421052632, 6907
2.8749662715417634, 0.02193548387096774, N, 0.8947368421052632, 11359
2.8749662715417634, 0.02190721649484536, N, 0.8947368421052632, 6404
2.8749662715417634, 0.021879021879021878, N, 0.8947368421052632, 8213
2.8742269426056297, 0.021850899742930592, N, 0.8947368421052632, 5816
2.8742269426056297, 0.021822849807445442, N, 0.8947368421052632, 3761
2.8742269426056297, 0.021794871794871794, N, 0.8947368421052632, 11161
2.8729081398303475, 0.02176696542893726, N, 0.8947368421052632, 6786
2.867932911060526, 0.021739130434782608, N, 0.8947368421052632, 6657
2.8671935821243917, 0.021711366538952746, N, 0.8947368421052632, 11419
2.8671935821243917, 0.021683673469387755, N, 0.8947368421052632, 2011
2.8671935821243917, 0.02165605095541401, N, 0.8947368421052632, 11217
2.8671935821243917, 0.021628498727735368, N, 0.8947368421052632, 7194
2.8671935821243917, 0.021601016518424398, N, 0.8947368421052632, 3359
2.8671935821243917, 0.021573604060913704, N, 0.8947368421052632, 8622
2.8664542531882575, 0.021546261089987327, N, 0.8947368421052632, 2861
2.8664542531882575, 0.021518987341772152, N, 0.8947368421052632, 9468
2.8664542531882575, 0.021491782553729456, N, 0.8947368421052632, 9524
2.8657149242521234, 0.021464646464646464, N, 0.8947368421052632, 1203
2.860160221643154, 0.021437578814627996, N, 0.8947368421052632, 3195
2.860160221643154, 0.021410579345088162, N, 0.8947368421052632, 9111
2.8594208927070195, 0.021383647798742137, N, 0.8947368421052632, 8755
2.8594208927070195, 0.02135678391959799, N, 0.8947368421052632, 1820
2.8594208927070195, 0.02132998745294856, N, 0.8947368421052632, 2890
2.8594208927070195, 0.021303258145363407, N, 0.8947368421052632, 1143
2.8594208927070195, 0.02127659574468085, N, 0.8947368421052632, 3131
2.8594208927070195, 0.02125, N, 0.8947368421052632, 1602
2.8594208927070195, 0.02122347066167291, N, 0.8947368421052632, 3218
2.8594208927070195, 0.02119700748129676, N, 0.8947368421052632, 10727
2.858681563770886, 0.021170610211706103, N, 0.8947368421052632, 4477
2.853126861161916, 0.021144278606965175, N, 0.8947368421052632, 3122
2.852387532225782, 0.02111801242236025, N, 0.8947368421052632, 93
2.852387532225782, 0.02109181141439206, N, 0.8947368421052632, 8786
2.852387532225782, 0.021065675340768277, N, 0.8947368421052632, 8867
2.8516482032896477, 0.02103960396039604, N, 0.8947368421052632, 7706
2.8516482032896477, 0.021013597033374538, N, 0.8947368421052632, 5068
2.8516482032896477, 0.020987654320987655, N, 0.8947368421052632, 865
2.8509088743535136, 0.02096177558569667, N, 0.8947368421052632, 9353
2.8488507426420977, 0.020935960591133004, N, 0.8947368421052632, 11344
2.845354171744544, 0.020910209102091022, N, 0.8947368421052632, 3623
2.845354171744544, 0.020884520884520884, N, 0.8947368421052632, 7551
2.84461484280841, 0.020858895705521473, N, 0.8947368421052632, 986
2.84461484280841, 0.020833333333333332, N, 0.8947368421052632, 11082
2.84461484280841, 0.0208078335373317, N, 0.8947368421052632, 3922
2.84461484280841, 0.02078239608801956, N, 0.8947368421052632, 9052
2.84461484280841, 0.020757020757020756, N, 0.8947368421052632, 9551
2.84461484280841, 0.020731707317073172, N, 0.8947368421052632, 2456
2.84461484280841, 0.020706455542021926, N, 0.8947368421052632, 2478
2.8438755138722756, 0.02068126520681265, N, 0.8947368421052632, 605
2.8383208112633063, 0.020656136087484813, N, 0.8947368421052632, 1912
2.8383208112633063, 0.02063106796116505, N, 0.8947368421052632, 3191
2.837581482327172, 0.020606060606060607, N, 0.8947368421052632, 4394
2.837581482327172, 0.020581113801452784, N, 0.8947368421052632, 6919
2.837581482327172, 0.020556227327690448, N, 0.8947368421052632, 8781
2.837581482327172, 0.020531400966183576, N, 0.8947368421052632, 2341
2.837581482327172, 0.020506634499396863, N, 0.8947368421052632, 2359
2.837581482327172, 0.020481927710843374, N, 0.8947368421052632, 1644
2.837581482327172, 0.02045728038507822, N, 0.8947368421052632, 5151
2.836842153391038, 0.020432692307692308, N, 0.8947368421052632, 10433
2.836842153391038, 0.02040816326530612, N, 0.8947368421052632, 1383
2.834784021679622, 0.02038369304556355, N, 0.8947368421052632, 3472
2.8305481218459345, 0.02035928143712575, N, 0.8947368421052632, 1722
2.8305481218459345, 0.02033492822966507, N, 0.8947368421052632, 9149
2.8305481218459345, 0.02031063321385902, N, 0.8947368421052632, 9451
2.8298087929098, 0.02028639618138425, N, 0.8947368421052632, 2916
2.8298087929098, 0.02026221692491061, N, 0.8947368421052632, 8866
2.8298087929098, 0.02023809523809524, N, 0.8947368421052632, 7973
2.8298087929098, 0.020214030915576695, N, 0.8947368421052632, 6225
2.8298087929098, 0.020190023752969122, N, 0.8947368421052632, 9003
2.8298087929098, 0.020166073546856466, N, 0.8947368421052632, 4031
2.8298087929098, 0.02014218009478673, N, 0.8947368421052632, 1666
2.828489990134518, 0.020118343195266272, N, 0.8947368421052632, 416
2.8227754324285623, 0.02009456264775414, N, 0.8947368421052632, 10826
2.8227754324285623, 0.020070838252656435, N, 0.8947368421052632, 4475
2.8227754324285623, 0.020047169811320754, N, 0.8947368421052632, 9202
2.8227754324285623, 0.020023557126030624, N, 0.8947368421052632, 191
2.8227754324285623, 0.02, N, 0.8947368421052632, 5272
2.8227754324285623, 0.0199764982373678, N, 0.8947368421052632, 10006
2.8227754324285623, 0.01995305164319249, N, 0.8947368421052632, 5418
2.8227754324285623, 0.01992966002344666, N, 0.8947368421052632, 3181
2.8227754324285623, 0.01990632318501171, N, 0.8947368421052632, 11299
2.8227754324285623, 0.019883040935672516, N, 0.8947368421052632, 10718
2.822036103492428, 0.01985981308411215, N, 0.8947368421052632, 6043
2.8150027430111906, 0.019836639439906652, N, 0.8947368421052632, 3415
2.8150027430111906, 0.019813519813519812, N, 0.8947368421052632, 3436
2.8150027430111906, 0.01979045401629802, N, 0.8947368421052632, 3078
2.8150027430111906, 0.019767441860465116, N, 0.8947368421052632, 7822
2.8150027430111906, 0.019744483159117306, N, 0.8947368421052632, 672
2.764430826268252, 0.019721577726218097, N, 0.8947368421052632, 6130
2.7629521683959837, 0.019698725376593278, N, 0.8947368421052632, 8067
2.754339468887905, 0.019675925925925927, N, 0.8947368421052632, 9660
2.7348187264710324, 0.019653179190751446, N, 0.8947368421052632, 7270
2.7317607295719233, 0.019630484988452657, N, 0.8947368421052632, 8053
2.730282071699655, 0.0196078431372549, N, 0.8947368421052632, 9693
2.729542742763521, 0.019585253456221197, N, 0.8947368421052632, 7483
2.722509382282283, 0.019562715765247412, N, 0.8947368421052632, 4433
2.715476021801045, 0.01954022988505747, N, 0.8947368421052632, 4010
2.715476021801045, 0.01951779563719862, N, 0.8947368421052632, 1949
2.714736692864911, 0.0194954128440367, N, 0.8947368421052632, 8230
2.7091819902559418, 0.019473081328751432, N, 0.8947368421052632, 8127
2.7077033323836734, 0.019450800915331808, N, 0.8947368421052632, 6707
2.7006699719024354, 0.019428571428571427, N, 0.8947368421052632, 1886
2.693636611421198, 0.019406392694063926, N, 0.8947368421052632, 8674
2.693636611421198, 0.019384264538198404, N, 0.8947368421052632, 9114
2.693636611421198, 0.0193621867881549, N, 0.8947368421052632, 7128
2.692897282485063, 0.019340159271899887, N, 0.8947368421052632, 1640
2.6921579535489295, 0.019318181818181818, N, 0.8947368421052632, 6893
2.6921579535489295, 0.019296254256526674, N, 0.8947368421052632, 9959
2.68660325093996, 0.01927437641723356, N, 0.8947368421052632, 6972
2.68660325093996, 0.01925254813137033, N, 0.8947368421052632, 8334
2.679569890458722, 0.019230769230769232, N, 0.8947368421052632, 3677
2.678830561522588, 0.0192090395480226, N, 0.8947368421052632, 8048
2.678091232586454, 0.019187358916478554, N, 0.8947368421052632, 3543
2.6765058736261653, 0.019165727170236752, N, 0.8947368421052632, 6061
2.6724298288894643, 0.019144144144144143, N, 0.8947368421052632, 7053
2.67179720104135, 0.019122609673790775, N, 0.8947368421052632, 6282
2.6710578721052163, 0.019101123595505618, N, 0.8947368421052632, 8542
2.6710578721052163, 0.019079685746352413, N, 0.8947368421052632, 1942
2.6694725131449273, 0.01905829596412556, N, 0.8947368421052632, 4362
2.6662424984323807, 0.019036954087346025, N, 0.8947368421052632, 6959
2.6655031694962465, 0.01901565995525727, N, 0.8947368421052632, 6028
2.6655031694962465, 0.01899441340782123, N, 0.8947368421052632, 10066
2.6655031694962465, 0.018973214285714284, N, 0.8947368421052632, 8492
2.6647638405601124, 0.0189520624303233, N, 0.8947368421052632, 9215
2.6647638405601124, 0.01893095768374165, N, 0.8947368421052632, 3061
2.6647638405601124, 0.018909899888765295, N, 0.8947368421052632, 7886
2.6647638405601124, 0.01888888888888889, N, 0.8947368421052632, 10858
2.6640245116239782, 0.018867924528301886, N, 0.8947368421052632, 2372
2.6640245116239782, 0.018847006651884702, N, 0.8947368421052632, 9340
2.6640245116239782, 0.018826135105204873, N, 0.8947368421052632, 2300
2.6640245116239782, 0.018805309734513276, N, 0.8947368421052632, 9286
2.6577304800788744, 0.01878453038674033, N, 0.8947368421052632, 8607
2.6577304800788744, 0.018763796909492272, N, 0.8947368421052632, 9663
2.6569911511427406, 0.018743109151047408, N, 0.8947368421052632, 4381
2.6569911511427406, 0.018722466960352423, N, 0.8947368421052632, 23
2.6568844500547204, 0.0187018701870187, N, 0.8947368421052632, 7239
2.6499577906615026, 0.01868131868131868, N, 0.8947368421052632, 4261
2.6499577906615026, 0.018660812294182216, N, 0.8947368421052632, 10762
2.6499577906615026, 0.01864035087719298, N, 0.8947368421052632, 1958
2.6492184617253685, 0.018619934282584884, N, 0.8947368421052632, 6464
2.6492184617253685, 0.018599562363238512, N, 0.8947368421052632, 2958
2.6491117606373487, 0.018579234972677595, N, 0.8947368421052632, 7760
2.648372431701214, 0.018558951965065504, N, 0.8947368421052632, 7163
2.648372431701214, 0.018538713195201745, N, 0.8947368421052632, 7843
2.642924430180265, 0.018518518518518517, N, 0.8947368421052632, 1984
2.6421851012441304, 0.018498367791077257, N, 0.8947368421052632, 2218
2.6396883955342703, 0.01847826086956522, N, 0.8947368421052632, 1869
2.635151740762893, 0.018458197611292075, N, 0.8947368421052632, 2713
2.6344124118267587, 0.01843817787418655, N, 0.8947368421052632, 8583
2.6344124118267587, 0.018418201516793065, N, 0.8947368421052632, 9572
2.627379051345521, 0.0183982683982684, N, 0.8947368421052632, 2556
2.627379051345521, 0.018378378378378378, N, 0.8947368421052632, 1520
2.627379051345521, 0.0183585313174946, N, 0.8947368421052632, 11075
2.627379051345521, 0.018338727076591153, N, 0.8947368421052632, 1482
2.627272350257501, 0.018318965517241378, N, 0.8947368421052632, 7484
2.6265330213213667, 0.01829924650161464, N, 0.8947368421052632, 7100
2.613205629295025, 0.01827956989247312, N, 0.8947368421052632, 8301
2.613205629295025, 0.018259935553168637, N, 0.8947368421052632, 7472
2.6109876424866227, 0.018240343347639486, N, 0.8947368421052632, 9965
2.6054329398776535, 0.01822079314040729, N, 0.8947368421052632, 10502
2.604693610941519, 0.018201284796573874, N, 0.8947368421052632, 7311
2.603954282005385, 0.01818181818181818, N, 0.8947368421052632, 9836
2.6032149530692505, 0.018162393162393164, N, 0.8947368421052632, 8727
2.598399579396416, 0.01814300960512273, N, 0.8947368421052632, 6689
2.5976602504602813, 0.01812366737739872, N, 0.8947368421052632, 9560
2.591366218915178, 0.01810436634717785, N, 0.8947368421052632, 5712
2.5898875610429095, 0.018085106382978722, N, 0.8947368421052632, 6350
2.589148232106775, 0.018065887353878853, N, 0.8947368421052632, 6493
2.589148232106775, 0.018046709129511677, N, 0.8947368421052632, 10908
2.589148232106775, 0.018027571580063628, N, 0.8947368421052632, 5657
2.589148232106775, 0.018008474576271187, N, 0.8947368421052632, 4119
2.5821148716255373, 0.01798941798941799, N, 0.8947368421052632, 1980
2.5750815111442997, 0.017970401691331923, N, 0.8947368421052632, 10304
2.5680481506630617, 0.01795142555438226, N, 0.8947368421052632, 8037
2.5680481506630617, 0.017932489451476793, N, 0.8947368421052632, 6884
2.567308821726928, 0.01791359325605901, N, 0.8947368421052632, 681
2.567308821726928, 0.017894736842105262, N, 0.8947368421052632, 9532
2.5617541191179583, 0.017875920084121977, N, 0.8947368421052632, 8093
2.5617541191179583, 0.017857142857142856, N, 0.8947368421052632, 5162
2.561014790181824, 0.017838405036726127, N, 0.8947368421052632, 5248
2.561014790181824, 0.01781970649895178, N, 0.8947368421052632, 897
2.56027546124569, 0.01780104712041885, N, 0.8947368421052632, 458
2.56027546124569, 0.01778242677824268, N, 0.8947368421052632, 268
2.56027546124569, 0.017763845350052248, N, 0.8947368421052632, 4193
2.559536132309556, 0.017745302713987474, N, 0.8947368421052632, 4225
2.559536132309556, 0.017726798748696558, N, 0.8947368421052632, 3917
2.5532421007644523, 0.017708333333333333, N, 0.8947368421052632, 4730
2.5525027718283178, 0.01768990634755463, N, 0.8947368421052632, 4613
2.5525027718283178, 0.017671517671517672, N, 0.8947368421052632, 6896
2.54546941134708, 0.017653167185877467, N, 0.8947368421052632, 6899
2.5391753798019767, 0.017634854771784232, N, 0.8947368421052632, 8520
2.538436050865842, 0.017616580310880828, N, 0.8947368421052632, 4447
2.523630000967233, 0.017598343685300208, N, 0.8947368421052632, 2070
2.5210130235038077, 0.017580144777662874, N, 0.8947368421052632, 6817
2.4765948738079784, 0.01756198347107438, N, 0.8947368421052632, 5851
2.474376886999576, 0.017543859649122806, N, 0.8947368421052632, 9383
2.4705795611643326, 0.01752577319587629, N, 0.8947368421052632, 6012
2.4680828554544725, 0.017507723995880537, N, 0.8947368421052632, 8469
2.4620675428108267, 0.01748971193415638, N, 0.8947368421052632, 7024
2.4603101660371003, 0.017471736896197326, N, 0.8947368421052632, 3881
2.448000821848351, 0.017453798767967144, N, 0.8947368421052632, 3207
2.443286129330088, 0.017435897435897435, N, 0.8947368421052632, 5059
2.4362527688488504, 0.017418032786885244, N, 0.8947368421052632, 1638
2.427640069340772, 0.017400204708290685, N, 0.8947368421052632, 6631
2.425315381444349, 0.017382413087934562, N, 0.8947368421052632, 8191
2.4244040346947773, 0.017364657814096015, N, 0.8947368421052632, 11364
2.423664705758643, 0.017346938775510204, N, 0.8947368421052632, 10486
2.423204095723967, 0.017329255861365953, N, 0.8947368421052632, 10141
2.4191280509872657, 0.017311608961303463, N, 0.8947368421052632, 8881
2.4183887220511315, 0.017293997965412006, N, 0.8947368421052632, 9413
2.4166313452774055, 0.017276422764227643, N, 0.8947368421052632, 7809
2.415152687405137, 0.017258883248730966, N, 0.8947368421052632, 7150
2.412094690506028, 0.017241379310344827, N, 0.8947368421052632, 3301
2.412094690506028, 0.017223910840932118, N, 0.8947368421052632, 4397
2.4113553615698935, 0.01720647773279352, N, 0.8947368421052632, 1082
2.4112486604818733, 0.017189079878665317, N, 0.8947368421052632, 5810
2.41061603263376, 0.01717171717171717, N, 0.8947368421052632, 8231
2.41061603263376, 0.017154389505549948, N, 0.8947368421052632, 1536
2.4103373137323016, 0.017137096774193547, N, 0.8947368421052632, 2309
2.408119326923899, 0.017119838872104734, N, 0.8947368421052632, 3641
2.406640669051631, 0.01710261569416499, N, 0.8947368421052632, 619
2.4050613300247905, 0.017085427135678392, N, 0.8947368421052632, 10085
2.404322001088656, 0.01706827309236948, N, 0.8947368421052632, 6473
2.404322001088656, 0.017051153460381142, N, 0.8947368421052632, 4017
2.4035826721525217, 0.017034068136272545, N, 0.8947368421052632, 6383
2.4035826721525217, 0.01701701701701702, N, 0.8947368421052632, 10783
2.4035826721525217, 0.017, N, 0.8947368421052632, 3684
2.4035826721525217, 0.016983016983016984, N, 0.8947368421052632, 571
2.4035826721525217, 0.016966067864271458, N, 0.8947368421052632, 7808
2.403303953251064, 0.01694915254237288, N, 0.8947368421052632, 7362
2.3980279695435525, 0.01693227091633466, N, 0.8947368421052632, 5665
2.396549311671284, 0.01691542288557214, N, 0.8947368421052632, 3533
2.396549311671284, 0.016898608349900597, N, 0.8947368421052632, 706
2.3958099827351496, 0.016881827209533268, N, 0.8947368421052632, 1888
2.394791934897558, 0.016865079365079364, N, 0.8947368421052632, 7074
2.3902552801261803, 0.01684836471754212, N, 0.8947368421052632, 6934
2.3895159511900466, 0.016831683168316833, N, 0.8947368421052632, 860
2.3895159511900466, 0.016815034619188922, N, 0.8947368421052632, 10867
2.388776622253912, 0.016798418972332016, N, 0.8947368421052632, 10250
2.387019245480186, 0.01678183613030602, N, 0.8947368421052632, 4087
2.386279916544052, 0.016765285996055226, N, 0.8947368421052632, 7789
2.3855405876079177, 0.016748768472906402, N, 0.8947368421052632, 2399
2.3832219196449427, 0.01673228346456693, N, 0.8947368421052632, 5196
2.3832219196449427, 0.01671583087512291, N, 0.8947368421052632, 3058
2.3832219196449427, 0.01669941060903733, N, 0.8947368421052632, 11351
2.3824825907088085, 0.016683022571148183, N, 0.8947368421052632, 7322
2.3817432617726744, 0.016666666666666666, N, 0.8947368421052632, 970
2.3817432617726744, 0.01665034280117532, N, 0.8947368421052632, 693
2.3817432617726744, 0.016634050880626222, N, 0.8947368421052632, 4260
2.3817432617726744, 0.016617790811339198, N, 0.8947368421052632, 6083
2.3817432617726744, 0.0166015625, N, 0.8947368421052632, 414
2.38100393283654, 0.016585365853658537, N, 0.8947368421052632, 1245
2.38100393283654, 0.016569200779727095, N, 0.8947368421052632, 7599
2.3786792449401175, 0.016553067185978577, N, 0.8947368421052632, 10866
2.3779399160039834, 0.016536964980544747, N, 0.8947368421052632, 7436
2.375449230227571, 0.01652089407191448, N, 0.8947368421052632, 2088
2.375449230227571, 0.01650485436893204, N, 0.8947368421052632, 11378
2.375449230227571, 0.016488845780795344, N, 0.8947368421052632, 6044
2.375449230227571, 0.016472868217054265, N, 0.8947368421052632, 4734
2.3747099012914363, 0.016456921587608905, N, 0.8947368421052632, 2710
2.3739705723553026, 0.01644100580270793, N, 0.8947368421052632, 1228
2.3739705723553026, 0.01642512077294686, N, 0.8947368421052632, 4551
2.3739705723553026, 0.016409266409266408, N, 0.8947368421052632, 8369
2.3739705723553026, 0.01639344262295082, N, 0.8947368421052632, 2729
2.3731245423311482, 0.016377649325626204, N, 0.8947368421052632, 7334
2.372491914483034, 0.016361886429258902, N, 0.8947368421052632, 2345
2.372213195581576, 0.016346153846153847, N, 0.8947368421052632, 1465
2.368415869746333, 0.01633045148895293, N, 0.8947368421052632, 705
2.368415869746333, 0.016314779270633396, N, 0.8947368421052632, 1104
2.368415869746333, 0.016299137104506232, N, 0.8947368421052632, 3876
2.3676765408101987, 0.016283524904214558, N, 0.8947368421052632, 11301
2.3676765408101987, 0.016267942583732056, N, 0.8947368421052632, 34
2.3676765408101987, 0.016252390057361378, N, 0.8947368421052632, 81
2.3676765408101987, 0.01623686723973257, N, 0.8947368421052632, 6911
2.3676765408101987, 0.016221374045801526, N, 0.8947368421052632, 10912
2.3676765408101987, 0.016205910390848427, N, 0.8947368421052632, 4724
2.3676765408101987, 0.01619047619047619, N, 0.8947368421052632, 10272
2.3676765408101987, 0.016175071360608945, N, 0.8947368421052632, 10326
2.3669372118740646, 0.016159695817490494, N, 0.8947368421052632, 4220
2.3669372118740646, 0.016144349477682812, N, 0.8947368421052632, 2586
2.3669372118740646, 0.016129032258064516, N, 0.8947368421052632, 5827
2.3669372118740646, 0.016113744075829384, N, 0.8947368421052632, 9116
2.3669372118740646, 0.016098484848484848, N, 0.8947368421052632, 804
2.3668305107860443, 0.01608325449385052, N, 0.8947368421052632, 4993
2.3661978829379304, 0.01606805293005671, N, 0.8947368421052632, 1635
2.3659191640364727, 0.016052880075542966, N, 0.8947368421052632, 7684
2.3654585540017963, 0.016037735849056604, N, 0.8947368421052632, 4382
2.3651798351003386, 0.016022620169651274, N, 0.8947368421052632, 9809
2.3606431803289607, 0.0160075329566855, N, 0.8947368421052632, 11205
2.359903851392827, 0.01599247412982126, N, 0.8947368421052632, 4488
2.359903851392827, 0.015977443609022556, N, 0.8947368421052632, 10094
2.359903851392827, 0.01596244131455399, N, 0.8947368421052632, 10789
2.359903851392827, 0.01594746716697936, N, 0.8947368421052632, 3096
2.359903851392827, 0.015932521087160263, N, 0.8947368421052632, 6199
2.359903851392827, 0.015917602996254682, N, 0.8947368421052632, 8229
2.359903851392827, 0.015902712815715623, N, 0.8947368421052632, 10059
2.3584251935205587, 0.01588785046728972, N, 0.8947368421052632, 10640
2.3574071456829664, 0.015873015873015872, N, 0.8947368421052632, 6347
2.353609819847723, 0.01585820895522388, N, 0.8947368421052632, 10893
2.352870490911589, 0.015843429636533086, N, 0.8947368421052632, 2434
2.352870490911589, 0.015828677839851025, N, 0.8947368421052632, 10788
2.352870490911589, 0.01581395348837209, N, 0.8947368421052632, 4222
2.352870490911589, 0.015799256505576207, N, 0.8947368421052632, 3330
2.352870490911589, 0.015784586815227482, N, 0.8947368421052632, 9820
2.352870490911589, 0.015769944341372914, N, 0.8947368421052632, 9830
2.352870490911589, 0.015755329008341055, N, 0.8947368421052632, 3871
2.3527637898235687, 0.01574074074074074, N, 0.8947368421052632, 303
2.352131161975455, 0.01572617946345976, N, 0.8947368421052632, 2370
2.352131161975455, 0.015711645101663587, N, 0.8947368421052632, 10061
2.352131161975455, 0.01569713758079409, N, 0.8947368421052632, 11220
2.352131161975455, 0.015682656826568265, N, 0.8947368421052632, 9080
2.352131161975455, 0.01566820276497696, N, 0.8947368421052632, 3824
2.352131161975455, 0.01565377532228361, N, 0.8947368421052632, 3361
2.352131161975455, 0.015639374425023, N, 0.8947368421052632, 3434
2.352024460887435, 0.015625, N, 0.8947368421052632, 5405
2.3513918330393206, 0.015610651974288337, N, 0.8947368421052632, 9671
2.3513918330393206, 0.015596330275229359, N, 0.8947368421052632, 11316
2.3512851319513004, 0.015582034830430797, N, 0.8947368421052632, 8004
2.3505458030151667, 0.015567765567765568, N, 0.8947368421052632, 7702
2.350373785201729, 0.01555352241537054, N, 0.8947368421052632, 3324
2.3496344562655946, 0.015539305301645339, N, 0.8947368421052632, 9873
2.3496344562655946, 0.015525114155251141, N, 0.8947368421052632, 842
2.3496344562655946, 0.01551094890510949, N, 0.8947368421052632, 1800
2.3458371304303514, 0.015496809480401094, N, 0.8947368421052632, 7492
2.3458371304303514, 0.015482695810564663, N, 0.8947368421052632, 3327
2.3458371304303514, 0.015468607825295723, N, 0.8947368421052632, 4257
2.3458371304303514, 0.015454545454545455, N, 0.8947368421052632, 3851
2.3450978014942168, 0.015440508628519528, N, 0.8947368421052632, 4431
2.3450978014942168, 0.015426497277676952, N, 0.8947368421052632, 1235
2.3450978014942168, 0.016319129646418858, R, 0.9473684210526315, 8277
2.3450978014942168, 0.016304347826086956, N, 0.9473684210526315, 6611
2.3450978014942168, 0.016289592760180997, N, 0.9473684210526315, 992
2.3450978014942168, 0.0162748643761302, N, 0.9473684210526315, 8987
2.3450978014942168, 0.016260162601626018, N, 0.9473684210526315, 3329
2.3450978014942168, 0.016245487364620937, N, 0.9473684210526315, 3155
2.3450978014942168, 0.016230838593327322, N, 0.9473684210526315, 7126
2.3450978014942168, 0.016216216216216217, N, 0.9473684210526315, 843
2.344991100406197, 0.016201620162016202, N, 0.9473684210526315, 3542
2.344358472558083, 0.01618705035971223, N, 0.9473684210526315, 2234
2.344358472558083, 0.016172506738544475, N, 0.9473684210526315, 9990
2.3435124425339287, 0.01615798922800718, N, 0.9473684210526315, 8299
2.3435124425339287, 0.016143497757847534, N, 0.9473684210526315, 3911
2.3426010957843566, 0.016129032258064516, N, 0.9473684210526315, 10736
2.3420337846616603, 0.01611459265890779, N, 0.9473684210526315, 4508
2.3420337846616603, 0.016100178890876567, N, 0.9473684210526315, 5514
2.3418617668482224, 0.0160857908847185, N, 0.9473684210526315, 5369
2.338064441012979, 0.01607142857142857, N, 0.9473684210526315, 3996
2.338064441012979, 0.016057091882247992, N, 0.9473684210526315, 521
2.338064441012979, 0.016042780748663103, N, 0.9473684210526315, 10
2.338064441012979, 0.016028495102404273, N, 0.9473684210526315, 3304
2.338064441012979, 0.01601423487544484, N, 0.9473684210526315, 987
2.338064441012979, 0.016, N, 0.9473684210526315, 2564
2.338064441012979, 0.015985790408525755, N, 0.9473684210526315, 3742
2.338064441012979, 0.015971606033717833, N, 0.9473684210526315, 5692
2.338064441012979, 0.015957446808510637, N, 0.9473684210526315, 69
2.338064441012979, 0.015943312666076175, N, 0.9473684210526315, 1494
2.338064441012979, 0.01592920353982301, N, 0.9473684210526315, 4244
2.338064441012979, 0.015915119363395226, N, 0.9473684210526315, 697
2.338064441012979, 0.015901060070671377, N, 0.9473684210526315, 1089
2.338064441012979, 0.01588702559576346, N, 0.9473684210526315, 6060
2.338064441012979, 0.015873015873015872, N, 0.9473684210526315, 8659
2.338064441012979, 0.015859030837004406, N, 0.9473684210526315, 3097
2.338064441012979, 0.01584507042253521, N, 0.9473684210526315, 9330
2.338064441012979, 0.0158311345646438, N, 0.9473684210526315, 8015
2.338064441012979, 0.015817223198594025, N, 0.9473684210526315, 415
2.338064441012979, 0.015803336259877086, N, 0.9473684210526315, 5159
2.337325112076845, 0.015789473684210527, N, 0.9473684210526315, 8852
2.336479082052691, 0.015775635407537247, N, 0.9473684210526315, 1329
2.3357397531165565, 0.01576182136602452, N, 0.9473684210526315, 10434
2.3302917515956074, 0.015748031496062992, N, 0.9473684210526315, 9588
2.3302917515956074, 0.015734265734265736, N, 0.9473684210526315, 2471
2.3302917515956074, 0.01572052401746725, N, 0.9473684210526315, 1336
2.3302917515956074, 0.015706806282722512, N, 0.9473684210526315, 7568
2.3302917515956074, 0.015693112467306015, N, 0.9473684210526315, 8443
2.3302917515956074, 0.0156794425087108, N, 0.9473684210526315, 1342
2.3302917515956074, 0.015665796344647518, N, 0.9473684210526315, 3068
2.3302917515956074, 0.01565217391304348, N, 0.9473684210526315, 679
2.3302917515956074, 0.015638575152041704, N, 0.9473684210526315, 4675
2.3302917515956074, 0.015625, N, 0.9473684210526315, 8453
2.3302917515956074, 0.015611448395490026, N, 0.9473684210526315, 3075
2.3302917515956074, 0.01559792027729636, N, 0.9473684210526315, 2075
2.3302917515956074, 0.015584415584415584, N, 0.9473684210526315, 4717
2.3302917515956074, 0.015570934256055362, N, 0.9473684210526315, 1088
2.3302917515956074, 0.015557476231633534, N, 0.9473684210526315, 3340
2.3302917515956074, 0.015544041450777202, N, 0.9473684210526315, 3848
2.3302917515956074, 0.015530629853321829, N, 0.9473684210526315, 203
2.3302917515956074, 0.015517241379310345, N, 0.9473684210526315, 7943
2.3302917515956074, 0.015503875968992248, N, 0.9473684210526315, 7025
2.3302917515956074, 0.01549053356282272, N, 0.9473684210526315, 9407
2.3302917515956074, 0.015477214101461736, N, 0.9473684210526315, 4846
2.3302917515956074, 0.015463917525773196, N, 0.9473684210526315, 2812
2.3302917515956074, 0.015450643776824034, N, 0.9473684210526315, 10515
2.3302917515956074, 0.015437392795883362, N, 0.9473684210526315, 3490
2.328706392635319, 0.015424164524421594, N, 0.9473684210526315, 1927
2.323151690026349, 0.015410958904109588, N, 0.9473684210526315, 4758
2.323151690026349, 0.015397775876817793, N, 0.9473684210526315, 6392
2.3224123610902154, 0.015384615384615385, N, 0.9473684210526315, 7838
2.316857658481246, 0.015371477369769428, N, 0.9473684210526315, 9827
2.3153790006089774, 0.015358361774744027, N, 0.9473684210526315, 1880
2.3146396716728432, 0.015345268542199489, N, 0.9473684210526315, 1689
2.3146396716728432, 0.015332197614991482, N, 0.9473684210526315, 7550
2.313900342736709, 0.015319148936170212, N, 0.9473684210526315, 5090
2.313161013800575, 0.015306122448979591, N, 0.9473684210526315, 11386
2.30834564012774, 0.015293118096856415, N, 0.9473684210526315, 6348
2.30834564012774, 0.015280135823429542, N, 0.9473684210526315, 2529
2.307606311191605, 0.015267175572519083, N, 0.9473684210526315, 10393
2.307606311191605, 0.015254237288135594, N, 0.9473684210526315, 11085
2.3068669822554715, 0.015241320914479255, N, 0.9473684210526315, 3293
2.3068669822554715, 0.015228426395939087, N, 0.9473684210526315, 7908
2.306127653319337, 0.015215553677092139, N, 0.9473684210526315, 2718
2.302051608582636, 0.015202702702702704, N, 0.9473684210526315, 4303
2.2998336217742334, 0.015189873417721518, N, 0.9473684210526315, 8339
2.2998336217742334, 0.01517706576728499, N, 0.9473684210526315, 1881
2.2998336217742334, 0.015164279696714406, N, 0.9473684210526315, 6903
2.2990942928380993, 0.015151515151515152, N, 0.9473684210526315, 11209
2.298354963901965, 0.015138772077375946, N, 0.9473684210526315, 6395
2.2950182481013983, 0.015126050420168067, N, 0.9473684210526315, 7281
2.2950182481013983, 0.015113350125944584, N, 0.9473684210526315, 2922
2.29353959022913, 0.015100671140939598, N, 0.9473684210526315, 6930
2.292800261292996, 0.015088013411567477, N, 0.9473684210526315, 3859
2.292800261292996, 0.01507537688442211, N, 0.9473684210526315, 7323
2.292800261292996, 0.01506276150627615, N, 0.9473684210526315, 10456
2.2920609323568613, 0.015050167224080268, N, 0.9473684210526315, 3295
2.2920609323568613, 0.015037593984962405, N, 0.9473684210526315, 8640
2.2920609323568613, 0.015025041736227046, N, 0.9473684210526315, 3461
2.2920609323568613, 0.015012510425354461, N, 0.9473684210526315, 4534
2.2872455586840266, 0.015, N, 0.9473684210526315, 9794
2.286506229747892, 0.01498751040799334, N, 0.9473684210526315, 4369
2.286506229747892, 0.014975041597337771, N, 0.9473684210526315, 10927
2.286506229747892, 0.014962593516209476, N, 0.9473684210526315, 3678
2.2857669008117583, 0.014950166112956811, N, 0.9473684210526315, 11224
2.2857669008117583, 0.014937759336099586, N, 0.9473684210526315, 760
2.2857669008117583, 0.014925373134328358, N, 0.9473684210526315, 11057
2.2857669008117583, 0.014913007456503728, N, 0.9473684210526315, 6159
2.2857669008117583, 0.014900662251655629, N, 0.9473684210526315, 6991
2.2850275718756237, 0.01488833746898263, N, 0.9473684210526315, 5651
2.2850275718756237, 0.01487603305785124, N, 0.9473684210526315, 6520
2.2842882429394895, 0.01486374896779521, N, 0.9473684210526315, 345
2.2842882429394895, 0.01485148514851485, N, 0.9473684210526315, 3331
2.2802121982027885, 0.01483924154987634, N, 0.9473684210526315, 9102
2.2787335403305202, 0.014827018121911038, N, 0.9473684210526315, 11355
2.2787335403305202, 0.014814814814814815, N, 0.9473684210526315, 7499
2.2787335403305202, 0.014802631578947368, N, 0.9473684210526315, 4253
2.277994211394386, 0.014790468364831553, N, 0.9473684210526315, 10722
2.277994211394386, 0.014778325123152709, N, 0.9473684210526315, 7897
2.277994211394386, 0.014766201804757998, N, 0.9473684210526315, 9213
2.277994211394386, 0.014754098360655738, N, 0.9473684210526315, 6187
2.277994211394386, 0.014742014742014743, N, 0.9473684210526315, 682
2.277994211394386, 0.014729950900163666, N, 0.9473684210526315, 5783
2.277254882458252, 0.014717906786590351, N, 0.9473684210526315, 6763
2.277254882458252, 0.014705882352941176, N, 0.9473684210526315, 5856
2.2765155535221173, 0.014693877551020407, N, 0.9473684210526315, 5956
2.2724395087854163, 0.01468189233278956, N, 0.9473684210526315, 6602
2.2724395087854163, 0.014669926650366748, N, 0.9473684210526315, 6191
2.2717001798492826, 0.014657980456026058, N, 0.9473684210526315, 10470
2.270960850913148, 0.014646053702196907, N, 0.9473684210526315, 2327
2.270960850913148, 0.014634146341463415, N, 0.9473684210526315, 6343
2.270960850913148, 0.01462225832656377, N, 0.9473684210526315, 9100
2.270960850913148, 0.01461038961038961, N, 0.9473684210526315, 1111
2.270960850913148, 0.014598540145985401, N, 0.9473684210526315, 3240
2.270960850913148, 0.014586709886547812, N, 0.9473684210526315, 5793
2.2702215219770143, 0.014574898785425101, N, 0.9473684210526315, 3963
2.2702215219770143, 0.014563106796116505, N, 0.9473684210526315, 4100
2.2702215219770143, 0.014551333872271624, N, 0.9473684210526315, 3763
2.2694821930408797, 0.014539579967689823, N, 0.9473684210526315, 5564
2.2694821930408797, 0.014527845036319613, N, 0.9473684210526315, 8414
2.2694821930408797, 0.014516129032258065, N, 0.9473684210526315, 9146
2.2694821930408797, 0.014504431909750202, N, 0.9473684210526315, 660
2.2646668193680446, 0.014492753623188406, N, 0.9473684210526315, 2985
2.2639274904319104, 0.014481094127111826, N, 0.9473684210526315, 551
2.2639274904319104, 0.014469453376205787, N, 0.9473684210526315, 11012
2.2639274904319104, 0.014457831325301205, N, 0.9473684210526315, 6969
2.2631881614957763, 0.014446227929373997, N, 0.9473684210526315, 10545
2.2631881614957763, 0.014434643143544507, N, 0.9473684210526315, 3032
2.2631881614957763, 0.014423076923076924, N, 0.9473684210526315, 4440
2.2631881614957763, 0.014411529223378704, N, 0.9473684210526315, 634
2.2631881614957763, 0.0144, N, 0.9473684210526315, 2038
2.2631881614957763, 0.014388489208633094, N, 0.9473684210526315, 1785
2.261709503623508, 0.01437699680511182, N, 0.9473684210526315, 8497
2.257633458886807, 0.014365522745411013, N, 0.9473684210526315, 1983
2.257633458886807, 0.014354066985645933, N, 0.9473684210526315, 2189
2.2568941299506724, 0.014342629482071713, N, 0.9473684210526315, 6806
2.2568941299506724, 0.014331210191082803, N, 0.9473684210526315, 956
2.2568941299506724, 0.014319809069212411, N, 0.9473684210526315, 3349
2.2568941299506724, 0.014308426073131956, N, 0.9473684210526315, 5249
2.2561548010145387, 0.014297061159650517, N, 0.9473684210526315, 8981
2.2561548010145387, 0.014285714285714285, N, 0.9473684210526315, 2451
2.2561548010145387, 0.014274385408406027, N, 0.9473684210526315, 2036
2.2561548010145387, 0.014263074484944533, N, 0.9473684210526315, 8152
2.2561548010145387, 0.014251781472684086, N, 0.9473684210526315, 9887
2.2561548010145387, 0.014240506329113924, N, 0.9473684210526315, 6608
2.2561548010145387, 0.014229249011857707, N, 0.9473684210526315, 10150
2.2561548010145387, 0.014218009478672985, N, 0.9473684210526315, 9583
2.255415472078404, 0.014206787687450671, N, 0.9473684210526315, 8445
2.255415472078404, 0.014195583596214511, N, 0.9473684210526315, 5372
2.249860769469435, 0.014184397163120567, N, 0.9473684210526315, 2560
2.249860769469435, 0.014173228346456693, N, 0.9473684210526315, 7388
2.2491214405333007, 0.014162077104642014, N, 0.9473684210526315, 1476
2.2491214405333007, 0.014150943396226415, N, 0.9473684210526315, 9598
2.2491214405333007, 0.014139827179890024, N, 0.9473684210526315, 5862
2.2491214405333007, 0.0141287284144427, N, 0.9473684210526315, 10352
2.2491214405333007, 0.01411764705882353, N, 0.9473684210526315, 1732
2.2491214405333007, 0.014106583072100314, N, 0.9473684210526315, 5625
2.2491214405333007, 0.014095536413469069, N, 0.9473684210526315, 52
2.2491214405333007, 0.014084507042253521, N, 0.9473684210526315, 7289
2.2491214405333007, 0.014073494917904612, N, 0.9473684210526315, 4005
2.2491214405333007, 0.0140625, N, 0.9473684210526315, 10039
2.2491214405333007, 0.01405152224824356, N, 0.9473684210526315, 7083
2.2491214405333007, 0.014040561622464899, N, 0.9473684210526315, 4666
2.2491214405333007, 0.014029618082618862, N, 0.9473684210526315, 2311
2.2483821115971665, 0.014018691588785047, N, 0.9473684210526315, 7182
2.2483821115971665, 0.014007782101167316, N, 0.9473684210526315, 6604
2.2476427826610323, 0.013996889580093312, N, 0.9473684210526315, 9685
2.2476427826610323, 0.013986013986013986, N, 0.9473684210526315, 5729
2.2476427826610323, 0.013975155279503106, N, 0.9473684210526315, 171
2.2476427826610323, 0.013964313421256789, N, 0.9473684210526315, 9470
2.242088080052063, 0.013953488372093023, N, 0.9473684210526315, 1380
2.2413487511159285, 0.013942680092951201, N, 0.9473684210526315, 10347
2.2413487511159285, 0.01393188854489164, N, 0.9473684210526315, 553
2.2413487511159285, 0.013921113689095127, N, 0.9473684210526315, 1750
2.2413487511159285, 0.013910355486862442, N, 0.9473684210526315, 10507
2.2413487511159285, 0.013899613899613899, N, 0.9473684210526315, 9557
2.2413487511159285, 0.013888888888888888, N, 0.9473684210526315, 1830
2.2406094221797948, 0.013878180416345412, N, 0.9473684210526315, 7782
2.234315390634691, 0.01386748844375963, N, 0.9473684210526315, 5563
2.234315390634691, 0.013856812933025405, N, 0.9473684210526315, 432
2.234315390634691, 0.013846153846153847, N, 0.9473684210526315, 7470
2.234315390634691, 0.013835511145272867, N, 0.9473684210526315, 1339
2.2335760616985567, 0.013824884792626729, N, 0.9473684210526315, 3379
2.2335760616985567, 0.013814274750575594, N, 0.9473684210526315, 9167
2.2335760616985567, 0.013803680981595092, N, 0.9473684210526315, 6143
2.226542701217319, 0.013793103448275862, N, 0.9473684210526315, 1066
2.226542701217319, 0.013782542113323124, N, 0.9473684210526315, 5160
2.226542701217319, 0.013771996939556235, N, 0.9473684210526315, 6438
2.226542701217319, 0.013761467889908258, N, 0.9473684210526315, 130
2.2202290790732233, 0.013750954927425516, N, 0.9473684210526315, 7284
2.1843229477309, 0.013740458015267175, N, 0.9473684210526315, 9736
2.1787682451219306, 0.013729977116704805, N, 0.9473684210526315, 61
2.1687775688961564, 0.013719512195121951, N, 0.9473684210526315, 6895
2.163962195223321, 0.013709063214013708, N, 0.9473684210526315, 7728
2.1484168163885773, 0.0136986301369863, N, 0.9473684210526315, 6974
2.146938158516309, 0.013688212927756654, N, 0.9473684210526315, 7821
2.140644126971205, 0.013677811550151976, N, 0.9473684210526315, 8418
2.140644126971205, 0.01366742596810934, N, 0.9473684210526315, 6429
2.139904798035071, 0.013657056145675266, N, 0.9473684210526315, 7246
2.1343500954261017, 0.013646702047005308, N, 0.9473684210526315, 2552
2.1336107664899675, 0.013636363636363636, N, 0.9473684210526315, 2887
2.1328714375538333, 0.013626040878122634, N, 0.9473684210526315, 8540
2.1328714375538333, 0.01361573373676248, N, 0.9473684210526315, 4001
2.132132108617699, 0.013605442176870748, N, 0.9473684210526315, 3084
2.1273167349448636, 0.013595166163141994, N, 0.9473684210526315, 6740
2.12102270339976, 0.013584905660377358, N, 0.9473684210526315, 5450
2.1180653876552236, 0.013574660633484163, N, 0.9473684210526315, 2775
2.1173260587190894, 0.013564431047475508, N, 0.9473684210526315, 4821
2.11177135611012, 0.01355421686746988, N, 0.9473684210526315, 11109
2.1110320271739855, 0.013544018058690745, N, 0.9473684210526315, 6314
2.1110320271739855, 0.013533834586466165, N, 0.9473684210526315, 5173
2.104737995628882, 0.013523666416228399, N, 0.9473684210526315, 10044
2.104737995628882, 0.013513513513513514, N, 0.9473684210526315, 5691
2.099183293019913, 0.01350337584396099, N, 0.9473684210526315, 9938
2.0984439640837786, 0.013493253373313344, N, 0.9473684210526315, 6046
2.0977046351476445, 0.01348314606741573, N, 0.9473684210526315, 10469
2.0969653062115103, 0.01347305389221557, N, 0.9473684210526315, 4453
2.095486648339242, 0.013462976813762155, N, 0.9473684210526315, 4337
2.0906712746664065, 0.013452914798206279, N, 0.9473684210526315, 6702
2.0906712746664065, 0.01344286781179985, N, 0.9473684210526315, 844
2.0906712746664065, 0.013432835820895522, N, 0.9473684210526315, 1083
2.0906712746664065, 0.013422818791946308, N, 0.9473684210526315, 4948
2.0899319457302723, 0.013412816691505217, N, 0.9473684210526315, 652
2.0899319457302723, 0.01340282948622487, N, 0.9473684210526315, 853
2.089192616794138, 0.013392857142857142, N, 0.9473684210526315, 7820
2.089192616794138, 0.013382899628252789, N, 0.9473684210526315, 10694
2.089192616794138, 0.01337295690936107, N, 0.9473684210526315, 7855
2.089192616794138, 0.013363028953229399, N, 0.9473684210526315, 6600
2.088453287858004, 0.013353115727002967, N, 0.9473684210526315, 8770
2.083637914185169, 0.013343217197924388, N, 0.9473684210526315, 4430
2.0828985852490347, 0.013333333333333334, N, 0.9473684210526315, 928
2.0821592563129006, 0.013323464100666173, N, 0.9473684210526315, 6512
2.0821592563129006, 0.013313609467455622, N, 0.9473684210526315, 4706
2.0821592563129006, 0.013303769401330377, N, 0.9473684210526315, 9091
2.0821592563129006, 0.013293943870014771, N, 0.9473684210526315, 9417
2.0821592563129006, 0.013284132841328414, N, 0.9473684210526315, 6427
2.0821592563129006, 0.01327433628318584, N, 0.9473684210526315, 8251
2.0821592563129006, 0.013264554163596167, N, 0.9473684210526315, 7775
2.0814199273767664, 0.013254786450662739, N, 0.9473684210526315, 260
2.0751258958316625, 0.013245033112582781, N, 0.9473684210526315, 4366
2.0751258958316625, 0.013235294117647059, N, 0.9473684210526315, 7146
2.0751258958316625, 0.01322556943423953, N, 0.9473684210526315, 6054
2.0751258958316625, 0.013215859030837005, N, 0.9473684210526315, 7986
2.0743865668955284, 0.013206162876008804, N, 0.9473684210526315, 2292
2.0743865668955284, 0.013196480938416423, N, 0.9473684210526315, 2950
2.0743865668955284, 0.013186813186813187, N, 0.9473684210526315, 6615
2.0743865668955284, 0.013177159590043924, N, 0.9473684210526315, 9681
2.068092535350425, 0.013167520117044623, N, 0.9473684210526315, 18
2.068092535350425, 0.013157894736842105, N, 0.9473684210526315, 4527
2.0673532064142908, 0.013148283418553688, N, 0.9473684210526315, 7585
2.0673532064142908, 0.013138686131386862, N, 0.9473684210526315, 6603
2.0673532064142908, 0.01312910284463895, N, 0.9473684210526315, 5490
2.0673532064142908, 0.013119533527696793, N, 0.9473684210526315, 8123
2.0673532064142908, 0.013109978150036417, N, 0.9473684210526315, 8131
2.0673532064142908, 0.013100436681222707, N, 0.9473684210526315, 6626
2.0673532064142908, 0.01309090909090909, N, 0.9473684210526315, 9380
2.0666138774781566, 0.01308139534883721, N, 0.9473684210526315, 1273
2.0666138774781566, 0.013071895424836602, N, 0.9473684210526315, 812
2.0651352196058883, 0.013062409288824383, N, 0.9473684210526315, 8108
2.060319845933053, 0.01305293691080493, N, 0.9473684210526315, 8456
2.060319845933053, 0.013043478260869565, N, 0.9473684210526315, 2427
2.060319845933053, 0.013034033309196235, N, 0.9473684210526315, 9072
2.0595805169969186, 0.013024602026049204, N, 0.9473684210526315, 9089
2.0595805169969186, 0.013015184381778741, N, 0.9473684210526315, 6100
2.0595805169969186, 0.01300578034682081, N, 0.9473684210526315, 134
2.0588411880607844, 0.012996389891696752, N, 0.9473684210526315, 7997
2.0588411880607844, 0.012987012987012988, N, 0.9473684210526315, 6081
2.0588411880607844, 0.012977649603460706, N, 0.9473684210526315, 8224
2.053286485451815, 0.012968299711815562, N, 0.9473684210526315, 7168
2.052547156515681, 0.012958963282937365, N, 0.9473684210526315, 4597
2.052547156515681, 0.012949640287769784, N, 0.9473684210526315, 6141
2.052547156515681, 0.012940330697340043, N, 0.9473684210526315, 10007
2.051807827579547, 0.01293103448275862, N, 0.9473684210526315, 3496
2.051807827579547, 0.012921751615218953, N, 0.9473684210526315, 9960
2.051807827579547, 0.01291248206599713, N, 0.9473684210526315, 10457
2.0462531249705775, 0.012903225806451613, N, 0.9473684210526315, 8342
2.0455137960344434, 0.012893982808022923, N, 0.9473684210526315, 4742
2.0455137960344434, 0.012884753042233358, N, 0.9473684210526315, 3655
2.0455137960344434, 0.012875536480686695, N, 0.9473684210526315, 1187
2.0455137960344434, 0.012866333095067906, N, 0.9473684210526315, 2566
2.0455137960344434, 0.012857142857142857, N, 0.9473684210526315, 10528
2.0455137960344434, 0.01284796573875803, N, 0.9473684210526315, 814
2.0447744670983092, 0.012838801711840228, N, 0.9473684210526315, 4316
2.0447744670983092, 0.012829650748396294, N, 0.9473684210526315, 1743
2.0384804355532053, 0.01282051282051282, N, 0.9473684210526315, 6994
2.0384804355532053, 0.012811387900355872, N, 0.9473684210526315, 7105
2.0384804355532053, 0.012802275960170697, N, 0.9473684210526315, 9922
2.037741106617071, 0.01279317697228145, N, 0.9473684210526315, 4099
2.037741106617071, 0.01278409090909091, N, 0.9473684210526315, 2801
1.935729842413517, 0.0127750177430802, N, 0.9473684210526315, 6984
1.9309144687406816, 0.01276595744680851, N, 0.9473684210526315, 7010
1.9020416978795964, 0.012756909992912827, N, 0.9473684210526315, 3358
1.8901929637255233, 0.012747875354107648, N, 0.9473684210526315, 7280
1.8872356479809866, 0.012738853503184714, N, 0.9473684210526315, 6783
1.8676142244095417, 0.01272984441301273, N, 0.9473684210526315, 7901
1.8639175797288707, 0.012720848056537103, N, 0.9473684210526315, 3141
1.8631782507927366, 0.012711864406779662, N, 0.9473684210526315, 6062
1.8598415349921695, 0.012702893436838392, N, 0.9473684210526315, 7709
1.8513295166386636, 0.012693935119887164, N, 0.9473684210526315, 4709
1.8498508587663953, 0.012684989429175475, N, 0.9473684210526315, 2140
1.8457748140296941, 0.01267605633802817, N, 0.9473684210526315, 6103
1.841008669157786, 0.012667135819845179, N, 0.9473684210526315, 9826
1.837262795676188, 0.012658227848101266, N, 0.9473684210526315, 7560
1.8365234667400538, 0.012649332396345749, N, 0.9473684210526315, 6953
1.8302294351949502, 0.012640449438202247, N, 0.9473684210526315, 1753
1.8224567457775782, 0.01263157894736842, N, 0.9473684210526315, 6788
1.8224567457775782, 0.012622720897615708, N, 0.9473684210526315, 7678
1.821717416841444, 0.012613875262789068, N, 0.9473684210526315, 7598
1.82097808790531, 0.012605042016806723, N, 0.9473684210526315, 7370
1.82097808790531, 0.012596221133659902, N, 0.9473684210526315, 5158
1.82097808790531, 0.012587412587412588, N, 0.9473684210526315, 1713
1.82097808790531, 0.012578616352201259, N, 0.9473684210526315, 10281
1.8161627142324748, 0.012569832402234637, N, 0.9473684210526315, 10335
1.8154233852963404, 0.01256106071179344, N, 0.9473684210526315, 2582
1.8154233852963404, 0.012552301255230125, N, 0.9473684210526315, 6166
1.813944727424072, 0.012543554006968641, N, 0.9473684210526315, 5485
1.813205398487938, 0.012534818941504178, N, 0.9473684210526315, 4338
1.813205398487938, 0.012526096033402923, N, 0.9473684210526315, 4232
1.8124660695518038, 0.012517385257301807, N, 0.9473684210526315, 6322
1.8076506958789684, 0.01250868658790827, N, 0.9473684210526315, 8495
1.8076506958789684, 0.0125, N, 0.9473684210526315, 9520
1.8076506958789684, 0.012491325468424705, N, 0.9473684210526315, 8426
1.8076506958789684, 0.012482662968099861, N, 0.9473684210526315, 6705
1.8076506958789684, 0.012474012474012475, N, 0.9473684210526315, 7604
1.8076506958789684, 0.012465373961218837, N, 0.9473684210526315, 7278
1.8076506958789684, 0.01245674740484429, N, 0.9473684210526315, 2886
1.8069113669428343, 0.012448132780082987, N, 0.9473684210526315, 3485
1.8061720380067001, 0.01243953006219765, N, 0.9473684210526315, 7378
1.805432709070566, 0.012430939226519336, N, 0.9473684210526315, 6316
1.8020959932699991, 0.012422360248447204, N, 0.9473684210526315, 3991
1.801356664333865, 0.012413793103448275, N, 0.9473684210526315, 7385
1.801356664333865, 0.012405237767057202, N, 0.9473684210526315, 7167
1.8006173353977308, 0.012396694214876033, N, 0.9473684210526315, 6979
1.8006173353977308, 0.012388162422573986, N, 0.9473684210526315, 10170
1.7998780064615967, 0.012379642365887207, N, 0.9473684210526315, 9961
1.7998780064615967, 0.012371134020618556, N, 0.9473684210526315, 7742
1.7998780064615967, 0.012362637362637362, N, 0.9473684210526315, 1302
1.7991386775254625, 0.012354152367879203, N, 0.9473684210526315, 9180
1.7991386775254625, 0.012345679012345678, N, 0.9473684210526315, 1418
1.7991386775254625, 0.01233721727210418, N, 0.9473684210526315, 4423
1.7983993485893282, 0.012328767123287671, N, 0.9473684210526315, 6465
1.7983993485893282, 0.012320328542094456, N, 0.9473684210526315, 8764
1.7983993485893282, 0.012311901504787962, N, 0.9473684210526315, 1687
1.793583974916493, 0.012303485987696514, N, 0.9473684210526315, 29
1.793583974916493, 0.012295081967213115, N, 0.9473684210526315, 1718
1.7928446459803589, 0.012286689419795221, N, 0.9473684210526315, 753
1.7928446459803589, 0.01227830832196453, N, 0.9473684210526315, 3426
1.7928446459803589, 0.012269938650306749, N, 0.9473684210526315, 7356
1.7928446459803589, 0.01226158038147139, N, 0.9473684210526315, 7745
1.7913659881080906, 0.012253233492171545, N, 0.9473684210526315, 4487
1.7913659881080906, 0.012244897959183673, N, 0.9473684210526315, 7743
1.7865506144352552, 0.012236573759347382, N, 0.9473684210526315, 1962
1.7865506144352552, 0.012228260869565218, N, 0.9473684210526315, 4912
1.785811285499121, 0.012219959266802444, N, 0.9473684210526315, 3924
1.785811285499121, 0.012211668928086838, N, 0.9473684210526315, 7003
1.785811285499121, 0.012203389830508475, N, 0.9473684210526315, 38
1.785811285499121, 0.012195121951219513, N, 0.9473684210526315, 5011
1.785071956562987, 0.012186865267433988, N, 0.9473684210526315, 5436
1.785071956562987, 0.012178619756427604, N, 0.9473684210526315, 3948
1.785071956562987, 0.012170385395537525, N, 0.9473684210526315, 10127
1.785071956562987, 0.012162162162162163, N, 0.9473684210526315, 1012
1.785071956562987, 0.012153950033760972, N, 0.9473684210526315, 9962
1.785071956562987, 0.012145748987854251, N, 0.9473684210526315, 5074
1.785071956562987, 0.012137559002022926, N, 0.9473684210526315, 6693
1.7843326276268527, 0.012129380053908356, N, 0.9473684210526315, 4867
1.7843326276268527, 0.012121212121212121, N, 0.9473684210526315, 7396
1.7843326276268527, 0.012113055181695828, N, 0.9473684210526315, 8893
1.7835932986907186, 0.0121049092131809, N, 0.9473684210526315, 1618
1.7795172539540174, 0.012096774193548387, N, 0.9473684210526315, 1724
1.7795172539540174, 0.01208865010073875, N, 0.9473684210526315, 7552
1.7787779250178832, 0.012080536912751677, N, 0.9473684210526315, 8228
1.7787779250178832, 0.012072434607645875, N, 0.9473684210526315, 6378
1.7787779250178832, 0.012064343163538873, N, 0.9473684210526315, 6069
1.778038596081749, 0.012056262558606833, N, 0.9473684210526315, 47
1.778038596081749, 0.012048192771084338, N, 0.9473684210526315, 6247
1.778038596081749, 0.012040133779264214, N, 0.9473684210526315, 3867
1.778038596081749, 0.012032085561497326, N, 0.9473684210526315, 4525
1.778038596081749, 0.012024048096192385, N, 0.9473684210526315, 7087
1.777299267145615, 0.012016021361815754, N, 0.9473684210526315, 1415
1.777299267145615, 0.01200800533689126, N, 0.9473684210526315, 351
1.777299267145615, 0.012, N, 0.9473684210526315, 562
1.777299267145615, 0.011992005329780146, N, 0.9473684210526315, 4973
1.777299267145615, 0.011984021304926764, N, 0.9473684210526315, 3305
1.777299267145615, 0.011976047904191617, N, 0.9473684210526315, 2388
1.777299267145615, 0.011968085106382979, N, 0.9473684210526315, 6803
1.777299267145615, 0.011960132890365448, N, 0.9473684210526315, 10760
1.777299267145615, 0.01195219123505976, N, 0.9473684210526315, 2208
1.777299267145615, 0.011944260119442602, N, 0.9473684210526315, 3720
1.777299267145615, 0.011936339522546418, N, 0.9473684210526315, 8627
1.777299267145615, 0.011928429423459244, N, 0.9473684210526315, 886
1.777299267145615, 0.011920529801324504, N, 0.9473684210526315, 8529
1.777299267145615, 0.011912640635340834, N, 0.9473684210526315, 10025
1.777299267145615, 0.011904761904761904, N, 0.9473684210526315, 1937
1.777299267145615, 0.011896893588896233, N, 0.9473684210526315, 5045
1.7765599382094808, 0.011889035667107, N, 0.9473684210526315, 3120
1.7710052356005113, 0.011881188118811881, N, 0.9473684210526315, 7365
1.7710052356005113, 0.011873350923482849, N, 0.9473684210526315, 1169
1.7710052356005113, 0.011865524060646011, N, 0.9473684210526315, 6363
1.7710052356005113, 0.011857707509881422, N, 0.9473684210526315, 3877
1.7710052356005113, 0.01184990125082291, N, 0.9473684210526315, 11315
1.770265906664377, 0.011842105263157895, N, 0.9473684210526315, 4718
1.770265906664377, 0.011834319526627219, N, 0.9473684210526315, 10485
1.770265906664377, 0.011826544021024968, N, 0.9473684210526315, 2361
1.770265906664377, 0.011818778726198293, N, 0.9473684210526315, 1987
1.770265906664377, 0.011811023622047244, N, 0.9473684210526315, 8668
1.770265906664377, 0.01180327868852459, N, 0.9473684210526315, 10772
1.770265906664377, 0.011795543905635648, N, 0.9473684210526315, 2590
1.770265906664377, 0.011787819253438114, N, 0.9473684210526315, 5427
1.770265906664377, 0.011780104712041885, N, 0.9473684210526315, 784
1.770265906664377, 0.011772400261608895, N, 0.9473684210526315, 11020
1.770265906664377, 0.011764705882352941, N, 0.9473684210526315, 380
1.769526577728243, 0.011757021554539516, N, 0.9473684210526315, 5676
1.769526577728243, 0.01174934725848564, N, 0.9473684210526315, 2625
1.769526577728243, 0.011741682974559686, N, 0.9473684210526315, 10481
1.7647112040554076, 0.011734028683181226, N, 0.9473684210526315, 3363
1.7639718751192734, 0.011726384364820847, N, 0.9473684210526315, 7350
1.7639718751192734, 0.01171875, N, 0.9473684210526315, 10001
1.7639718751192734, 0.011711125569290826, N, 0.9473684210526315, 8974
1.7632325461831393, 0.011703511053315995, N, 0.9473684210526315, 3999
1.7632325461831393, 0.011695906432748537, N, 0.9473684210526315, 1619
1.7632325461831393, 0.011688311688311689, N, 0.9473684210526315, 4202
1.7632325461831393, 0.011680726800778715, N, 0.9473684210526315, 9316
1.7632325461831393, 0.011673151750972763, N, 0.9473684210526315, 10173
1.7632325461831393, 0.011665586519766688, N, 0.9473684210526315, 3626
1.7632325461831393, 0.011658031088082901, N, 0.9473684210526315, 2706
1.7632325461831393, 0.011650485436893204, N, 0.9473684210526315, 11169
1.7632325461831393, 0.01164294954721863, N, 0.9473684210526315, 2335
1.7632325461831393, 0.011635423400129283, N, 0.9473684210526315, 1841
1.7632325461831393, 0.011627906976744186, N, 0.9473684210526315, 9967
1.7632325461831393, 0.011620400258231117, N, 0.9473684210526315, 5738
1.7632325461831393, 0.011612903225806452, N, 0.9473684210526315, 4756
1.7624932172470051, 0.01160541586073501, N, 0.9473684210526315, 1552
1.7624932172470051, 0.011597938144329897, N, 0.9473684210526315, 2489
1.7624932172470051, 0.01159047005795235, N, 0.9473684210526315, 1863
1.7624932172470051, 0.011583011583011582, N, 0.9473684210526315, 5441
1.7624932172470051, 0.01157556270096463, N, 0.9473684210526315, 1495
1.7624932172470051, 0.011568123393316195, N, 0.9473684210526315, 4627
1.7624932172470051, 0.011560693641618497, N, 0.9473684210526315, 5360
1.7624932172470051, 0.011553273427471117, N, 0.9473684210526315, 1286
1.7624932172470051, 0.011545862732520847, N, 0.9473684210526315, 4234
1.7624932172470051, 0.011538461538461539, N, 0.9473684210526315, 1829
1.7624932172470051, 0.011531069827033953, N, 0.9473684210526315, 3529
1.761753888310871, 0.011523687580025609, N, 0.9473684210526315, 7473
1.7561991857019017, 0.011516314779270634, N, 0.9473684210526315, 9745
1.7561991857019017, 0.011508951406649617, N, 0.9473684210526315, 3836
1.7561991857019017, 0.011501597444089457, N, 0.9473684210526315, 3384
1.7561991857019017, 0.011494252873563218, N, 0.9473684210526315, 7458
1.7554598567657673, 0.01148691767708998, N, 0.9473684210526315, 6333
1.7554598567657673, 0.011479591836734694, N, 0.9473684210526315, 990
1.7554598567657673, 0.011472275334608031, N, 0.9473684210526315, 264
1.7554598567657673, 0.011464968152866241, N, 0.9473684210526315, 5155
1.7554598567657673, 0.011457670273711012, N, 0.9473684210526315, 5819
1.7554598567657673, 0.011450381679389313, N, 0.9473684210526315, 11178
1.7554598567657673, 0.01144310235219326, N, 0.9473684210526315, 3395
1.7554598567657673, 0.011435832274459974, N, 0.9473684210526315, 5823
1.7554598567657673, 0.011428571428571429, N, 0.9473684210526315, 1156
1.7554598567657673, 0.011421319796954314, N, 0.9473684210526315, 10506
1.7554598567657673, 0.011414077362079899, N, 0.9473684210526315, 5553
1.7554598567657673, 0.011406844106463879, N, 0.9473684210526315, 1965
1.7554598567657673, 0.011399620012666244, N, 0.9473684210526315, 7188
1.7554598567657673, 0.01139240506329114, N, 0.9473684210526315, 1836
1.7554598567657673, 0.011385199240986717, N, 0.9473684210526315, 9342
1.7554598567657673, 0.011378002528445006, N, 0.9473684210526315, 2193
1.7554598567657673, 0.011370814908401769, N, 0.9473684210526315, 4039
1.7554598567657673, 0.011363636363636364, N, 0.9473684210526315, 3121
1.7554598567657673, 0.011356466876971609, N, 0.9473684210526315, 3257
1.7554598567657673, 0.011349306431273645, N, 0.9473684210526315, 10024
1.7554598567657673, 0.011342155009451797, N, 0.9473684210526315, 4548
1.7554598567657673, 0.011335012594458438, N, 0.9473684210526315, 6351
1.7554598567657673, 0.011327879169288861, N, 0.9473684210526315, 931
1.7554598567657673, 0.011320754716981131, N, 0.9473684210526315, 10749
1.7554598567657673, 0.011313639220615965, N, 0.9473684210526315, 500
1.7554598567657673, 0.011306532663316583, N, 0.9473684210526315, 635
1.7547205278296332, 0.011299435028248588, N, 0.9473684210526315, 9867
1.7547205278296332, 0.011292346298619825, N, 0.9473684210526315, 638
1.7547205278296332, 0.01128526645768025, N, 0.9473684210526315, 9168
1.7547205278296332, 0.011278195488721804, N, 0.9473684210526315, 5635
1.7547205278296332, 0.011271133375078271, N, 0.9473684210526315, 10836
1.7547205278296332, 0.011264080100125156, N, 0.9473684210526315, 5268
1.7491658252206639, 0.01125703564727955, N, 0.9473684210526315, 422
1.7491658252206639, 0.01125, N, 0.9473684210526315, 3110
1.7491658252206639, 0.011242973141786383, N, 0.9473684210526315, 6818
1.7491658252206639, 0.011235955056179775, N, 0.9473684210526315, 4351
1.7484264962845297, 0.011228945726762321, N, 0.9473684210526315, 1616
1.7484264962845297, 0.011221945137157107, N, 0.9473684210526315, 9420
1.7484264962845297, 0.011214953271028037, N, 0.9473684210526315, 5479
1.7484264962845297, 0.0112079701120797, N, 0.9473684210526315, 3249
1.7484264962845297, 0.01120099564405725, N, 0.9473684210526315, 3592
1.7484264962845297, 0.011194029850746268, N, 0.9473684210526315, 266
1.7484264962845297, 0.011187072715972654, N, 0.9473684210526315, 3536
1.7484264962845297, 0.011180124223602485, N, 0.9473684210526315, 5825
1.7484264962845297, 0.0111731843575419, N, 0.9473684210526315, 7486
1.7484264962845297, 0.011166253101736972, N, 0.9473684210526315, 9773
1.7484264962845297, 0.011159330440173589, N, 0.9473684210526315, 10875
1.7484264962845297, 0.011152416356877323, N, 0.9473684210526315, 10056
1.7484264962845297, 0.011145510835913313, N, 0.9473684210526315, 10476
1.7484264962845297, 0.011138613861386138, N, 0.9473684210526315, 5864
1.7484264962845297, 0.011131725417439703, N, 0.9473684210526315, 3940
1.7484264962845297, 0.011124845488257108, N, 0.9473684210526315, 522
1.7484264962845297, 0.011117974058060531, N, 0.9473684210526315, 8780
1.7484264962845297, 0.011111111111111112, N, 0.9473684210526315, 8000
1.7484264962845297, 0.011104256631708822, N, 0.9473684210526315, 3300
1.7484264962845297, 0.011097410604192354, N, 0.9473684210526315, 6418
1.7484264962845297, 0.011090573012939002, N, 0.9473684210526315, 8124
1.7484264962845297, 0.011083743842364532, N, 0.9473684210526315, 525
1.7476871673483956, 0.011076923076923076, N, 0.9473684210526315, 4393
1.7476871673483956, 0.01107011070110701, N, 0.9473684210526315, 2151
1.7476871673483956, 0.011063306699446834, N, 0.9473684210526315, 8811
1.7476871673483956, 0.011056511056511056, N, 0.9473684210526315, 2453
1.7476871673483956, 0.011049723756906077, N, 0.9473684210526315, 11428
1.7476871673483956, 0.011042944785276074, N, 0.9473684210526315, 9813
1.7476871673483956, 0.011036174126302882, N, 0.9473684210526315, 1499
1.7476871673483956, 0.011029411764705883, N, 0.9473684210526315, 6231
1.7476871673483956, 0.011022657685241886, N, 0.9473684210526315, 9814
1.7476871673483956, 0.011015911872705019, N, 0.9473684210526315, 10516
1.7476871673483956, 0.011009174311926606, N, 0.9473684210526315, 6172
1.7469478384122612, 0.011002444987775062, N, 0.9473684210526315, 1283
1.741393135803292, 0.010995723885155772, N, 0.9473684210526315, 3388
1.741393135803292, 0.01098901098901099, N, 0.9473684210526315, 4067
1.741393135803292, 0.010982306284319707, N, 0.9473684210526315, 10031
1.741393135803292, 0.01097560975609756, N, 0.9473684210526315, 7726
1.741393135803292, 0.010968921389396709, N, 0.9473684210526315, 157
1.741393135803292, 0.010962241169305725, N, 0.9473684210526315, 8648
1.741393135803292, 0.010955569080949483, N, 0.9473684210526315, 10873
1.741393135803292, 0.010948905109489052, N, 0.9473684210526315, 6703
1.741393135803292, 0.01094224924012158, N, 0.9473684210526315, 10339
1.741393135803292, 0.010935601458080195, N, 0.9473684210526315, 3281
1.741393135803292, 0.01092896174863388, N, 0.9473684210526315, 6373
1.7406538068671578, 0.010922330097087379, N, 0.9473684210526315, 2289
1.7406538068671578, 0.010915706488781079, N, 0.9473684210526315, 5274
1.7406538068671578, 0.01090909090909091, N, 0.9473684210526315, 5172
1.7406538068671578, 0.010902483343428226, N, 0.9473684210526315, 1833
1.7406538068671578, 0.010895883777239709, N, 0.9473684210526315, 2293
1.7406538068671578, 0.010889292196007259, N, 0.9473684210526315, 5874
1.7406538068671578, 0.010882708585247884, N, 0.9473684210526315, 6684
1.7406538068671578, 0.010876132930513595, N, 0.9473684210526315, 2978
1.7406538068671578, 0.010869565217391304, N, 0.9473684210526315, 1850
1.7406538068671578, 0.010863005431502716, N, 0.9473684210526315, 923
1.7406538068671578, 0.010856453558504222, N, 0.9473684210526315, 7985
1.7406538068671578, 0.0108499095840868, N, 0.9473684210526315, 1910
1.7406538068671578, 0.010843373493975903, N, 0.9473684210526315, 5240
1.7406538068671578, 0.010836845273931367, N, 0.9473684210526315, 9775
1.7406538068671578, 0.010830324909747292, N, 0.9473684210526315, 7142
1.7406538068671578, 0.010823812387251955, N, 0.9473684210526315, 10614
1.7406538068671578, 0.010817307692307692, N, 0.9473684210526315, 646
1.7406538068671578, 0.010810810810810811, N, 0.9473684210526315, 5643
1.7406538068671578, 0.010804321728691477, N, 0.9473684210526315, 2324
1.7406538068671578, 0.010797840431913617, N, 0.9473684210526315, 7877
1.7406538068671578, 0.01079136690647482, N, 0.9473684210526315, 3868
1.7399144779310236, 0.01078490113840623, N, 0.9473684210526315, 3652
1.7399144779310236, 0.010778443113772455, N, 0.9473684210526315, 5230
1.7399144779310236, 0.010771992818671455, N, 0.9473684210526315, 3879
1.73362044638592, 0.01076555023923445, N, 0.9473684210526315, 789
1.73362044638592, 0.010759115361625823, N, 0.9473684210526315, 5742
1.73362044638592, 0.010752688172043012, N, 0.9473684210526315, 7902
1.73362044638592, 0.010746268656716417, N, 0.9473684210526315, 6155
1.73362044638592, 0.010739856801909307, N, 0.9473684210526315, 1864
1.73362044638592, 0.01073345259391771, N, 0.9473684210526315, 6686
1.73362044638592, 0.010727056019070322, N, 0.9473684210526315, 2172
1.73362044638592, 0.01072066706372841, N, 0.9473684210526315, 6092
1.73362044638592, 0.010714285714285714, N, 0.9473684210526315, 6523
1.73362044638592, 0.010707911957168352, N, 0.9473684210526315, 5259
1.73362044638592, 0.01070154577883472, N, 0.9473684210526315, 2672
1.73362044638592, 0.0106951871657754, N, 0.9473684210526315, 3226
1.73362044638592, 0.010688836104513063, N, 0.9473684210526315, 3979
1.73362044638592, 0.010682492581602374, N, 0.9473684210526315, 8842
1.73362044638592, 0.010676156583629894, N, 0.9473684210526315, 10186
1.73362044638592, 0.01066982809721399, N, 0.9473684210526315, 3259
1.73362044638592, 0.01066350710900474, N, 0.9473684210526315, 1161
1.73362044638592, 0.010657193605683837, N, 0.9473684210526315, 1078
1.73362044638592, 0.010650887573964497, N, 0.9473684210526315, 9680
1.73362044638592, 0.010644589000591367, N, 0.9473684210526315, 8466
1.7328811174497858, 0.010638297872340425, N, 0.9473684210526315, 10062
1.7328811174497858, 0.010632014176018901, N, 0.9473684210526315, 922
1.7328811174497858, 0.010625737898465172, N, 0.9473684210526315, 10903
1.7328811174497858, 0.010619469026548672, N, 0.9473684210526315, 3101
1.7328811174497858, 0.01061320754716981, N, 0.9473684210526315, 2343
1.7328811174497858, 0.01060695344725987, N, 0.9473684210526315, 9400
1.725847756968548, 0.01060070671378092, N, 0.9473684210526315, 4350
1.725847756968548, 0.01059446733372572, N, 0.9473684210526315, 4422
1.725847756968548, 0.010588235294117647, N, 0.9473684210526315, 4526
1.725847756968548, 0.010582010582010581, N, 0.9473684210526315, 7261
1.725847756968548, 0.010575793184488837, N, 0.9473684210526315, 9925
1.725847756968548, 0.010569583088667059, N, 0.9473684210526315, 11060
1.725847756968548, 0.01056338028169014, N, 0.9473684210526315, 1464
1.725847756968548, 0.010557184750733138, N, 0.9473684210526315, 1976
1.725847756968548, 0.010550996483001172, N, 0.9473684210526315, 3038
1.725847756968548, 0.01054481546572935, N, 0.9473684210526315, 3615
1.697536571002939, 0.01053864168618267, N, 0.9473684210526315, 8416
1.696797242066805, 0.010532475131655939, N, 0.9473684210526315, 5683
1.6601517817883475, 0.010526315789473684, N, 0.9473684210526315, 6849
1.6164729610286526, 0.010520163646990065, N, 0.9473684210526315, 2002
1.610918258419683, 0.010514018691588784, N, 0.9473684210526315, 4946
1.594633550648805, 0.010507880910683012, N, 0.9473684210526315, 6569
1.4356160736592145, 0.010501750291715286, N, 0.9473684210526315, 7059
1.4089612896065318, 0.010495626822157435, N, 0.9473684210526315, 6989
1.3512157478843612, 0.01048951048951049, N, 0.9473684210526315, 8399
1.326419021759977, 0.010483401281304601, N, 0.9473684210526315, 8490
1.3201249902148733, 0.010477299185098952, N, 0.9473684210526315, 4514
1.3060582692523977, 0.010471204188481676, N, 0.9473684210526315, 6108
1.3060582692523977, 0.010465116279069767, N, 0.9473684210526315, 5587
1.3053189403162635, 0.010459035444509006, N, 0.9473684210526315, 8510
1.2975462508988915, 0.010452961672473868, N, 0.9473684210526315, 590
1.2927308772260564, 0.01044689495066744, N, 0.9473684210526315, 3514
1.291252219353788, 0.010440835266821345, N, 0.9473684210526315, 3611
1.2897735614815198, 0.010434782608695653, N, 0.9473684210526315, 6837
1.282740201000282, 0.010428736964078795, N, 0.9473684210526315, 2411
1.2820008720641478, 0.010422698320787493, N, 0.9473684210526315, 7960
1.2771854983913125, 0.010416666666666666, N, 0.9473684210526315, 161
1.2694128089739405, 0.010410641989589358, N, 0.9473684210526315, 6901
1.2686734800378066, 0.010404624277456647, N, 0.9473684210526315, 11388
1.2631187774288368, 0.010398613518197574, N, 0.9473684210526315, 2392
1.246834069657959, 0.010392609699769052, N, 0.9473684210526315, 3788
1.2460947407218248, 0.0103866128101558, N, 0.9473684210526315, 6417
1.2453554117856906, 0.010380622837370242, N, 0.9473684210526315, 8157
1.2398007091767211, 0.01037463976945245, N, 0.9473684210526315, 4689
1.2398007091767211, 0.010368663594470046, N, 0.9473684210526315, 9711
1.2327673486954833, 0.010362694300518135, N, 0.9473684210526315, 11229
1.2257339882142457, 0.010356731875719217, N, 0.9473684210526315, 2527
1.1921982708947705, 0.010350776308223116, N, 0.9473684210526315, 6412
1.09558928208574, 0.010344827586206896, N, 0.9473684210526315, 3217
1.0852192058039354, 0.010338885697874785, N, 0.9473684210526315, 7214
1.0822618900593988, 0.010332950631458095, N, 0.9473684210526315, 9801
1.0822618900593988, 0.010327022375215147, N, 0.9473684210526315, 6764
1.075967858514295, 0.010321100917431193, N, 0.9473684210526315, 7215
1.0696738269691914, 0.010315186246418338, N, 0.9473684210526315, 7226
1.0659771822885207, 0.010309278350515464, N, 0.9473684210526315, 7152
1.0533891191983134, 0.01030337721808815, N, 0.9473684210526315, 6128
1.0533891191983134, 0.010297482837528604, N, 0.9473684210526315, 7853
1.0489531455815084, 0.010291595197255575, N, 0.9473684210526315, 118
1.0463557587170758, 0.010285714285714285, N, 0.9473684210526315, 7319
1.0463557587170758, 0.010279840091376356, N, 0.9473684210526315, 6177
1.0378437403635694, 0.010273972602739725, N, 0.9473684210526315, 7925
1.0322890377546001, 0.01026811180832858, N, 0.9473684210526315, 4869
1.0308103798823318, 0.010262257696693273, N, 0.9473684210526315, 5650
1.0300710509461977, 0.010256410256410256, N, 0.9473684210526315, 6749
1.0259950062094965, 0.010250569476082005, N, 0.9473684210526315, 5535
1.0222983615288257, 0.010244735344336939, N, 0.9473684210526315, 5800
1.0222983615288257, 0.010238907849829351, N, 0.9473684210526315, 5695
1.0215590325926915, 0.01023308698123934, N, 0.9473684210526315, 8060
1.016004329983722, 0.010227272727272727, N, 0.9473684210526315, 7302
1.0152650010475879, 0.010221465076660987, N, 0.9473684210526315, 4486
1.0152650010475879, 0.01021566401816118, N, 0.9473684210526315, 6115
1.0145256721114537, 0.01020986954055587, N, 0.9473684210526315, 8136
1.0104496273747525, 0.01020408163265306, N, 0.9473684210526315, 9500
1.0097102984386184, 0.010198300283286119, N, 0.9473684210526315, 6781
1.007492311630216, 0.010192525481313703, N, 0.9473684210526315, 3803
1.004155595829649, 0.010186757215619695, N, 0.9473684210526315, 9433
1.0034162668935147, 0.010180995475113122, N, 0.9473684210526315, 5906
1.0026769379573806, 0.010175240248728096, N, 0.9473684210526315, 7434
1.0019376090212466, 0.010169491525423728, N, 0.9473684210526315, 6721
1.0011982800851122, 0.010163749294184076, N, 0.9473684210526315, 9897
0.9997196222128439, 0.010158013544018058, N, 0.9473684210526315, 4153
0.996382906412277, 0.01015228426395939, N, 0.9473684210526315, 6167
0.9949042485400088, 0.010146561443066516, N, 0.9473684210526315, 6822
0.9941649196038745, 0.010140845070422535, N, 0.9473684210526315, 7137
0.9941649196038745, 0.010135135135135136, N, 0.9473684210526315, 4484
0.9934255906677404, 0.010129431626336522, N, 0.9473684210526315, 8899
0.9926862617316061, 0.010123734533183352, N, 0.9473684210526315, 8062
0.988610216994905, 0.01011804384485666, N, 0.9473684210526315, 1039
0.9871315591226368, 0.010112359550561797, N, 0.9473684210526315, 7364
0.9871315591226368, 0.010106681639528355, N, 0.9473684210526315, 3390
0.9863922301865026, 0.010101010101010102, N, 0.9473684210526315, 7078
0.9863922301865026, 0.010095344924284913, N, 0.9473684210526315, 10980
0.9815768565136673, 0.010089686098654708, N, 0.9473684210526315, 2919
0.980098198641399, 0.010084033613445379, N, 0.9473684210526315, 3428
0.9793588697052649, 0.010078387458006719, N, 0.9473684210526315, 4452
0.9793588697052649, 0.010072747621712367, N, 0.9473684210526315, 2726
0.9778802118329964, 0.010067114093959731, N, 0.9473684210526315, 8310
0.9730648381601612, 0.010061486864169928, N, 0.9473684210526315, 6161
0.972325509224027, 0.01005586592178771, N, 0.9473684210526315, 8066
0.972325509224027, 0.010050251256281407, N, 0.9473684210526315, 4630
0.9715861802878929, 0.010044642857142858, N, 0.9473684210526315, 6265
0.970999278566204, 0.010039040713887339, N, 0.9473684210526315, 11394
0.9708468513517586, 0.010033444816053512, N, 0.9473684210526315, 4978
0.9660314776789235, 0.010027855153203343, N, 0.9473684210526315, 8385
0.9652921487427892, 0.01002227171492205, N, 0.9473684210526315, 419
0.9652921487427892, 0.01001669449081803, N, 0.9473684210526315, 5697
0.9645528198066551, 0.010011123470522803, N, 0.9473684210526315, 6766
0.9645528198066551, 0.010005558643690939, N, 0.9473684210526315, 8151
0.9638134908705209, 0.01, N, 0.9473684210526315, 1815
0.9638134908705209, 0.009994447529150472, N, 0.9473684210526315, 9705
0.9597374461338198, 0.009988901220865706, N, 0.9473684210526315, 10319
0.9589981171976857, 0.009983361064891847, N, 0.9473684210526315, 8214
0.9589981171976857, 0.009977827050997782, N, 0.9473684210526315, 9986
0.9582587882615515, 0.009972299168975069, N, 0.9473684210526315, 7175
0.9575194593254173, 0.009966777408637873, N, 0.9473684210526315, 3780
0.9575194593254173, 0.00996126175982291, N, 0.9473684210526315, 9517
0.9567801303892831, 0.00995575221238938, N, 0.9473684210526315, 7029
0.9567801303892831, 0.009950248756218905, N, 0.9473684210526315, 6590
0.9567801303892831, 0.009944751381215469, N, 0.9473684210526315, 1775
0.9567801303892831, 0.009939260077305357, N, 0.9473684210526315, 3476
0.956040801453149, 0.009933774834437087, N, 0.9473684210526315, 9766
0.9519647567164479, 0.009928295642581356, N, 0.9473684210526315, 6434
0.9504860988441796, 0.009922822491730982, N, 0.9473684210526315, 9186
0.9504860988441796, 0.009917355371900827, N, 0.9473684210526315, 10188
0.9504860988441796, 0.009911894273127754, N, 0.9473684210526315, 7816
0.9504860988441796, 0.009906439185470555, N, 0.9473684210526315, 3654
0.9497467699080453, 0.009900990099009901, N, 0.9473684210526315, 10723
0.9497467699080453, 0.009895547003848268, N, 0.9473684210526315, 1221
0.9490074409719113, 0.00989010989010989, N, 0.9473684210526315, 2645
0.9490074409719113, 0.009884678747940691, N, 0.9473684210526315, 6082
0.9441920672990759, 0.009879253567508232, N, 0.9473684210526315, 7571
0.9434527383629417, 0.009873834339001646, N, 0.9473684210526315, 10950
0.9434527383629417, 0.009868421052631578, N, 0.9473684210526315, 8843
0.9434527383629417, 0.009863013698630137, N, 0.9473684210526315, 10287
0.9427134094268076, 0.009857612267250822, N, 0.9473684210526315, 5406
0.9427134094268076, 0.009852216748768473, N, 0.9473684210526315, 1919
0.9427134094268076, 0.009846827133479213, N, 0.9473684210526315, 4045
0.9427134094268076, 0.009841443411700382, N, 0.9473684210526315, 5003
0.9427134094268076, 0.009836065573770493, N, 0.9473684210526315, 4285
0.9427134094268076, 0.009830693610049153, N, 0.9473684210526315, 8425
0.9427134094268076, 0.009825327510917031, N, 0.9473684210526315, 8716
0.9419740804906734, 0.009819967266775777, N, 0.9473684210526315, 1765
0.9364193778817039, 0.009814612868047983, N, 0.9473684210526315, 5531
0.9364193778817039, 0.009809264305177113, N, 0.9473684210526315, 8479
0.9356800489455698, 0.00980392156862745, N, 0.9473684210526315, 4686
0.9356800489455698, 0.00979858464888405, N, 0.9473684210526315, 4619
0.9349407200094357, 0.009793253536452665, N, 0.9473684210526315, 6869
0.9349407200094357, 0.009787928221859706, N, 0.9473684210526315, 5652
0.9342013910733015, 0.009782608695652175, N, 0.9473684210526315, 8787
0.9293860174004662, 0.00977729494839761, N, 0.9473684210526315, 4485
0.928646688464332, 0.009771986970684038, N, 0.9473684210526315, 9796
0.9279073595281979, 0.009766684753119913, N, 0.9473684210526315, 7794
0.9208739990469601, 0.009761388286334056, N, 0.9473684210526315, 10179
0.920134670110826, 0.00975609756097561, N, 0.9473684210526315, 586
0.9138406385657224, 0.009750812567713976, N, 0.9473684210526315, 2099
0.9138406385657224, 0.009745533297238766, N, 0.9473684210526315, 982
0.9131013096295881, 0.00974025974025974, N, 0.9473684210526315, 8694
0.9131013096295881, 0.009734991887506761, N, 0.9473684210526315, 6285
0.9060679491483504, 0.00972972972972973, N, 0.9473684210526315, 10799
0.8599441687386679, 0.009724473257698542, N, 0.9473684210526315, 1240
0.8351474426142838, 0.009719222462203024, N, 0.9473684210526315, 7626
0.832190126869747, 0.009713977334052886, N, 0.9473684210526315, 6406
0.8029379559526316, 0.009708737864077669, N, 0.9473684210526315, 3001
0.800719969144229, 0.009703504043126684, N, 0.9473684210526315, 8623
0.7985019823358266, 0.009698275862068966, N, 0.9473684210526315, 5410
0.7985019823358266, 0.009693053311793215, N, 0.9473684210526315, 3459
0.7914686218545888, 0.00968783638320775, N, 0.9473684210526315, 5584
0.788871234990156, 0.009682625067240451, N, 0.9473684210526315, 5355
0.7859139192456194, 0.00967741935483871, N, 0.9473684210526315, 6501
0.7829566035010826, 0.00967221923696937, N, 0.9473684210526315, 5937
0.7788805587643816, 0.00966702470461869, N, 0.9473684210526315, 4492
0.7774019008921133, 0.00966183574879227, N, 0.9473684210526315, 9907
0.7744445851475765, 0.009656652360515022, N, 0.9473684210526315, 4510
0.7703685404108754, 0.0096514745308311, N, 0.9473684210526315, 5106
0.7703685404108754, 0.00964630225080386, N, 0.9473684210526315, 5919
0.7640745088657719, 0.0096411355115158, N, 0.9473684210526315, 9863
0.7625958509935035, 0.009635974304068522, N, 0.9473684210526315, 6924
0.7611171931212352, 0.009630818619582664, N, 0.9473684210526315, 6862
0.7555624905122656, 0.009625668449197862, N, 0.9473684210526315, 4770
0.7548231615761315, 0.009620523784072688, N, 0.9473684210526315, 6596
0.7540838326399975, 0.009615384615384616, N, 0.9473684210526315, 6821
0.748529130031028, 0.009610250934329953, N, 0.9473684210526315, 8584
0.748529130031028, 0.0096051227321238, N, 0.9473684210526315, 6032
0.7477898010948937, 0.0096, N, 0.9473684210526315, 5694
0.7477898010948937, 0.009594882729211088, N, 0.9473684210526315, 6169
0.7470504721587596, 0.009589770911028236, N, 0.9473684210526315, 6577
0.7470504721587596, 0.009584664536741214, N, 0.9473684210526315, 2568
0.7470504721587596, 0.009579563597658328, N, 0.9473684210526315, 5693
0.7437137563581927, 0.009574468085106383, N, 0.9473684210526315, 6371
0.7422350984859243, 0.009569377990430622, N, 0.9473684210526315, 7288
0.7414957695497901, 0.009564293304994687, N, 0.9473684210526315, 5367
0.7414957695497901, 0.009559214020180564, N, 0.9473684210526315, 6216
0.740756440613656, 0.009554140127388535, N, 0.9473684210526315, 8166
0.740756440613656, 0.009549071618037135, N, 0.9473684210526315, 6431
0.7400171116775218, 0.009544008483563097, N, 0.9473684210526315, 9982
0.7400171116775218, 0.009538950715421303, N, 0.9473684210526315, 2021
0.7400171116775218, 0.009533898305084746, N, 0.9473684210526315, 9939
0.7400171116775218, 0.009528851244044468, N, 0.9473684210526315, 6198
0.7392777827413877, 0.009523809523809525, N, 0.9473684210526315, 8381
0.7359410669408207, 0.009518773135906928, N, 0.9473684210526315, 6735
0.7352017380046866, 0.009513742071881607, N, 0.9473684210526315, 2387
0.7344624090685523, 0.009508716323296355, N, 0.9473684210526315, 6549
0.7322444222601499, 0.009503695881731784, N, 0.9473684210526315, 5945
0.7322444222601499, 0.00949868073878628, N, 0.9473684210526315, 5387
0.7315050933240157, 0.00949367088607595, N, 0.9473684210526315, 5606
0.7281683775234488, 0.009488666315234581, N, 0.9473684210526315, 9244
0.7266897196511803, 0.009483667017913594, N, 0.9473684210526315, 1125
0.7259503907150463, 0.009478672985781991, N, 0.9473684210526315, 5707
0.7259503907150463, 0.009473684210526316, N, 0.9473684210526315, 7060
0.7259503907150463, 0.009468700683850605, N, 0.9473684210526315, 4877
0.7259503907150463, 0.00946372239747634, N, 0.9473684210526315, 7432
0.7252110617789121, 0.009458749343142408, N, 0.9473684210526315, 6715
0.7252110617789121, 0.009453781512605041, N, 0.9473684210526315, 9942
0.7244717328427779, 0.009448818897637795, N, 0.9473684210526315, 4856
0.7203956881060768, 0.00944386149003148, N, 0.9473684210526315, 6031
0.7196563591699426, 0.009438909281594127, N, 0.9473684210526315, 7145
0.7189170302338085, 0.009433962264150943, N, 0.9473684210526315, 6211
0.7189170302338085, 0.009429020429544265, N, 0.9473684210526315, 4376
0.7189170302338085, 0.009424083769633508, N, 0.9473684210526315, 8016
0.7189170302338085, 0.009419152276295133, N, 0.9473684210526315, 3966
0.7148409854971074, 0.009414225941422594, N, 0.9473684210526315, 8396
0.7141016565609732, 0.009409304756926294, N, 0.9473684210526315, 5812
0.7133623276248391, 0.009404388714733543, N, 0.9473684210526315, 5764
0.7126229986887048, 0.009399477806788513, N, 0.9473684210526315, 9158
0.7118836697525708, 0.009394572025052192, N, 0.9473684210526315, 1642
0.7118836697525708, 0.009389671361502348, N, 0.9473684210526315, 4980
0.7118836697525708, 0.009384775808133473, N, 0.9473684210526315, 6951
0.7111443408164365, 0.009379885356956748, N, 0.9473684210526315, 4776
0.7111443408164365, 0.009375, N, 0.9473684210526315, 4649
0.7111443408164365, 0.009370119729307652, N, 0.9473684210526315, 4720
0.7111443408164365, 0.009365244536940686, N, 0.9473684210526315, 6793
0.7104050118803024, 0.0093603744149766, N, 0.9473684210526315, 9790
0.7104050118803024, 0.009355509355509356, N, 0.9473684210526315, 6441
0.7063289671436013, 0.00935064935064935, N, 0.9473684210526315, 9289
0.7063289671436013, 0.009345794392523364, N, 0.9473684210526315, 8503
0.7055896382074671, 0.00934094447327452, N, 0.9473684210526315, 7244
0.7055896382074671, 0.00933609958506224, N, 0.9473684210526315, 9131
0.7055896382074671, 0.00933125972006221, N, 0.9473684210526315, 4963
0.7055896382074671, 0.00932642487046632, N, 0.9473684210526315, 4389
0.7055896382074671, 0.009321595028482652, N, 0.9473684210526315, 9866
0.704850309271333, 0.009316770186335404, N, 0.9473684210526315, 1882
0.704850309271333, 0.009311950336264873, N, 0.9473684210526315, 9652
0.704850309271333, 0.009307135470527405, N, 0.9473684210526315, 6563
0.704850309271333, 0.009302325581395349, N, 0.9473684210526315, 1729
0.7041109803351988, 0.009297520661157025, N, 0.9473684210526315, 9689
0.7041109803351988, 0.009292720702116675, N, 0.9473684210526315, 8489
0.7041109803351988, 0.009287925696594427, N, 0.9473684210526315, 5649
0.7041109803351988, 0.009283135636926251, N, 0.9473684210526315, 5941
0.7041109803351988, 0.009278350515463918, N, 0.9473684210526315, 5696
0.7033716513990645, 0.00927357032457496, N, 0.9473684210526315, 7869
0.7033716513990645, 0.009268795056642637, N, 0.9473684210526315, 8119
0.7033716513990645, 0.009264024704065878, N, 0.9473684210526315, 67
0.7026323224629304, 0.009259259259259259, N, 0.9473684210526315, 10835
0.7026323224629304, 0.009254498714652956, N, 0.9473684210526315, 9040
0.7026323224629304, 0.009249743062692703, N, 0.9473684210526315, 4580
0.6985562777262293, 0.009244992295839754, N, 0.9473684210526315, 6736
0.6985562777262293, 0.009240246406570842, N, 0.9473684210526315, 9723
0.6985562777262293, 0.009235505387378143, N, 0.9473684210526315, 10832
0.6978169487900951, 0.009230769230769232, N, 0.9473684210526315, 5871
0.6978169487900951, 0.009226037929267043, N, 0.9473684210526315, 7380
0.6978169487900951, 0.009221311475409836, N, 0.9473684210526315, 6366
0.6978169487900951, 0.009216589861751152, N, 0.9473684210526315, 1035
0.697077619853961, 0.009211873080859774, N, 0.9473684210526315, 2903
0.697077619853961, 0.009207161125319692, N, 0.9473684210526315, 3480
0.697077619853961, 0.009202453987730062, N, 0.9473684210526315, 7995
0.697077619853961, 0.009197751660705161, N, 0.9473684210526315, 1274
0.697077619853961, 0.009193054136874362, N, 0.9473684210526315, 6988
0.697077619853961, 0.009188361408882083, N, 0.9473684210526315, 7738
0.6963382909178268, 0.009183673469387756, N, 0.9473684210526315, 8266
0.6963382909178268, 0.009178990311065782, N, 0.9473684210526315, 6630
0.6955989619816926, 0.009174311926605505, N, 0.9473684210526315, 9910
0.6922622461811258, 0.009169638308711156, N, 0.9473684210526315, 7715
0.6915229172449915, 0.009164969450101833, N, 0.9473684210526315, 6533
0.6907835883088574, 0.00916030534351145, N, 0.9473684210526315, 7421
0.6907835883088574, 0.009155645981688708, N, 0.9473684210526315, 3310
0.6907835883088574, 0.009150991357397052, N, 0.9473684210526315, 8162
0.6900442593727232, 0.009146341463414634, N, 0.9473684210526315, 5380
0.6900442593727232, 0.009141696292534281, N, 0.9473684210526315, 7574
0.6900442593727232, 0.009137055837563452, N, 0.9473684210526315, 6224
0.6900442593727232, 0.0091324200913242, N, 0.9473684210526315, 6294
0.689304930436589, 0.009127789046653144, N, 0.9473684210526315, 7435
0.689304930436589, 0.00912316269640142, N, 0.9473684210526315, 3695
0.689304930436589, 0.00911854103343465, N, 0.9473684210526315, 9220
0.689304930436589, 0.009113924050632912, N, 0.9473684210526315, 10123
0.689304930436589, 0.009109311740890687, N, 0.9473684210526315, 4336
0.689304930436589, 0.009104704097116844, N, 0.9473684210526315, 6079
0.689304930436589, 0.00910010111223458, N, 0.9473684210526315, 7420
0.689304930436589, 0.009095502779181405, N, 0.9473684210526315, 1276
0.6885656015004549, 0.00909090909090909, N, 0.9473684210526315, 8935
0.6885656015004549, 0.009086320040383645, N, 0.9473684210526315, 11118
0.6885656015004549, 0.009081735620585268, N, 0.9473684210526315, 10589
0.6878262725643206, 0.009077155824508321, N, 0.9473684210526315, 8352
0.6878262725643206, 0.009072580645161291, N, 0.9473684210526315, 3429
0.6870869436281866, 0.00906801007556675, N, 0.9473684210526315, 4137
0.6844895567637538, 0.00906344410876133, N, 0.9473684210526315, 2715
0.6837502278276196, 0.009058882737795673, N, 0.9473684210526315, 9968
0.6837502278276196, 0.009054325955734407, N, 0.9473684210526315, 9823
0.6837502278276196, 0.00904977375565611, N, 0.9473684210526315, 7044
0.6830108988914855, 0.009045226130653266, N, 0.9473684210526315, 10682
0.6830108988914855, 0.009040683073832245, N, 0.9473684210526315, 5391
0.6830108988914855, 0.009036144578313253, N, 0.9473684210526315, 7572
0.6830108988914855, 0.009031610637230306, N, 0.9473684210526315, 6009
0.6822715699553512, 0.009027081243731194, N, 0.9473684210526315, 7338
0.6822715699553512, 0.009022556390977444, N, 0.9473684210526315, 7110
0.6822715699553512, 0.009018036072144289, N, 0.9473684210526315, 7290
0.6822715699553512, 0.009013520280420632, N, 0.9473684210526315, 6983
0.6822715699553512, 0.009009009009009009, N, 0.9473684210526315, 274
0.6822715699553512, 0.009004502251125562, N, 0.9473684210526315, 8598
0.6822715699553512, 0.009, N, 0.9473684210526315, 9261
0.681532241019217, 0.008995502248875561, N, 0.9473684210526315, 7368
0.681532241019217, 0.008991008991008992, N, 0.9473684210526315, 33
0.681532241019217, 0.008986520219670495, N, 0.9473684210526315, 2905
0.681532241019217, 0.008982035928143712, N, 0.9473684210526315, 9821
0.681532241019217, 0.008977556109725686, N, 0.9473684210526315, 7949
0.681532241019217, 0.00897308075772682, N, 0.9473684210526315, 4764
0.681532241019217, 0.008968609865470852, N, 0.9473684210526315, 1145
0.681532241019217, 0.008964143426294821, N, 0.9473684210526315, 7503
0.681532241019217, 0.008959681433549029, N, 0.9473684210526315, 9895
0.6807929120830829, 0.008955223880597015, N, 0.9473684210526315, 4395
0.6807929120830829, 0.008950770760815515, N, 0.9473684210526315, 6894
0.6807929120830829, 0.008946322067594433, N, 0.9473684210526315, 4584
0.6800535831469487, 0.00894187779433681, N, 0.9473684210526315, 5453
0.677456196282516, 0.00893743793445879, N, 0.9473684210526315, 6323
0.6767168673463819, 0.008933002481389578, N, 0.9473684210526315, 6439
0.6767168673463819, 0.008928571428571428, N, 0.9473684210526315, 8861
0.6759775384102477, 0.008924144769459593, N, 0.9473684210526315, 8576
0.6759775384102477, 0.008919722497522299, N, 0.9473684210526315, 9390
0.6759775384102477, 0.008915304606240713, N, 0.9473684210526315, 4660
0.6759775384102477, 0.00891089108910891, N, 0.9473684210526315, 7758
0.6759775384102477, 0.008906481939633844, N, 0.9473684210526315, 7206
0.6752382094741135, 0.008902077151335312, N, 0.9473684210526315, 7337
0.6752382094741135, 0.008897676717745922, N, 0.9473684210526315, 10571
0.6752382094741135, 0.008893280632411068, N, 0.9473684210526315, 2854
0.6752382094741135, 0.008888888888888889, N, 0.9473684210526315, 9677
0.6752382094741135, 0.008884501480750246, N, 0.9473684210526315, 4448
0.6752382094741135, 0.008880118401578688, N, 0.9473684210526315, 7404
0.6752382094741135, 0.008875739644970414, N, 0.9473684210526315, 4815
0.6752382094741135, 0.008871365204534253, N, 0.9473684210526315, 6967
0.6752382094741135, 0.008866995073891626, N, 0.9473684210526315, 7609
0.6744988805379792, 0.008862629246676515, N, 0.9473684210526315, 4705
0.6744988805379792, 0.008858267716535433, N, 0.9473684210526315, 8294
0.6744988805379792, 0.008853910477127398, N, 0.9473684210526315, 11099
0.6744988805379792, 0.008849557522123894, N, 0.9473684210526315, 4688
0.6744988805379792, 0.008845208845208846, N, 0.9473684210526315, 3546
0.6744988805379792, 0.008840864440078585, N, 0.9473684210526315, 9157
0.6744988805379792, 0.008836524300441826, N, 0.9473684210526315, 6470
0.6744988805379792, 0.008832188420019628, N, 0.9473684210526315, 6789
0.6744988805379792, 0.008827856792545365, N, 0.9473684210526315, 3241
0.6744988805379792, 0.008823529411764706, N, 0.9473684210526315, 5066
0.6744988805379792, 0.008819206271435572, N, 0.9473684210526315, 9015
0.6737595516018451, 0.00881488736532811, N, 0.9473684210526315, 7481
0.6737595516018451, 0.00881057268722467, N, 0.9473684210526315, 8613
0.6737595516018451, 0.008806262230919765, N, 0.9473684210526315, 8361
0.673020222665711, 0.008801955990220049, N, 0.9473684210526315, 8059
0.673020222665711, 0.008797653958944282, N, 0.9473684210526315, 112
0.673020222665711, 0.008793356130923302, N, 0.9473684210526315, 1521
0.6696835068651441, 0.0087890625, N, 0.9473684210526315, 4537
0.66894417792901, 0.008784773060029283, N, 0.9473684210526315, 6860
0.66894417792901, 0.00878048780487805, N, 0.9473684210526315, 8394
0.66894417792901, 0.008776206728425159, N, 0.9473684210526315, 8273
0.66894417792901, 0.008771929824561403, N, 0.9473684210526315, 5323
0.66894417792901, 0.00876765708718948, N, 0.9473684210526315, 5894
0.6682048489928757, 0.008763388510223954, N, 0.9473684210526315, 3904
0.6682048489928757, 0.008759124087591242, N, 0.9473684210526315, 4404
0.6682048489928757, 0.008754863813229572, N, 0.9473684210526315, 4719
0.6682048489928757, 0.008750607681088965, N, 0.9473684210526315, 8907
0.6682048489928757, 0.008746355685131196, N, 0.9473684210526315, 6075
0.6682048489928757, 0.008742107819329771, N, 0.9473684210526315, 4853
0.6682048489928757, 0.008737864077669903, N, 0.9473684210526315, 8189
0.6682048489928757, 0.008733624454148471, N, 0.9473684210526315, 6536
0.6682048489928757, 0.008729388942774006, N, 0.9473684210526315, 8340
0.6682048489928757, 0.00872515753756665, N, 0.9473684210526315, 1095
0.6682048489928757, 0.00872093023255814, N, 0.9473684210526315, 1529
0.6674655200567415, 0.008716707021791767, N, 0.9473684210526315, 5328
0.6674655200567415, 0.008712487899322363, N, 0.9473684210526315, 8321
0.6674655200567415, 0.008708272859216255, N, 0.9473684210526315, 9715
0.6674655200567415, 0.008704061895551257, N, 0.9473684210526315, 870
0.6674655200567415, 0.008699855002416627, N, 0.9473684210526315, 4900
0.6674655200567415, 0.008695652173913044, N, 0.9473684210526315, 4944
0.6674655200567415, 0.008691453404152583, N, 0.9473684210526315, 3669
0.6674655200567415, 0.008687258687258687, N, 0.9473684210526315, 6030
0.6674655200567415, 0.008683068017366137, N, 0.9473684210526315, 5121
0.6674655200567415, 0.008678881388621022, N, 0.9473684210526315, 11215
0.6674655200567415, 0.008674698795180723, N, 0.9473684210526315, 6038
0.6674655200567415, 0.008670520231213872, N, 0.9473684210526315, 3925
0.6674655200567415, 0.008666345690900338, N, 0.9473684210526315, 8058
0.6674655200567415, 0.008662175168431183, N, 0.9473684210526315, 7716
0.6667261911206073, 0.008658008658008658, N, 0.9473684210526315, 8875
0.6667261911206073, 0.008653846153846154, N, 0.9473684210526315, 7197
0.6667261911206073, 0.008649687650168188, N, 0.9473684210526315, 5383
0.6659868621844732, 0.008645533141210375, N, 0.9473684210526315, 454
0.6659868621844732, 0.008641382621219395, N, 0.9473684210526315, 353
0.6659868621844732, 0.008637236084452975, N, 0.9473684210526315, 10852
0.6659868621844732, 0.008633093525179856, N, 0.9473684210526315, 6139
0.6626501463839063, 0.00862895493767977, N, 0.9473684210526315, 10435
0.6626501463839063, 0.008624820316243412, N, 0.9473684210526315, 7158
0.6619108174477721, 0.008620689655172414, N, 0.9473684210526315, 2255
0.6619108174477721, 0.00861656294877932, N, 0.9473684210526315, 7493
0.6619108174477721, 0.00861244019138756, N, 0.9473684210526315, 3920
0.6619108174477721, 0.00860832137733142, N, 0.9473684210526315, 9964
0.6619108174477721, 0.008604206500956023, N, 0.9473684210526315, 1704
0.661171488511638, 0.008600095556617296, N, 0.9473684210526315, 1291
0.661171488511638, 0.008595988538681949, N, 0.9473684210526315, 1986
0.661171488511638, 0.008591885441527447, N, 0.9473684210526315, 8748
0.661171488511638, 0.008587786259541985, N, 0.9473684210526315, 10647
0.661171488511638, 0.008583690987124463, N, 0.9473684210526315, 5312
0.661171488511638, 0.008579599618684462, N, 0.9473684210526315, 4156
0.661171488511638, 0.00857551214864221, N, 0.9473684210526315, 10869
0.6604321595755037, 0.008571428571428572, N, 0.9473684210526315, 7554
0.6604321595755037, 0.008567348881485007, N, 0.9473684210526315, 10115
0.6604321595755037, 0.008563273073263558, N, 0.9473684210526315, 7415
0.6604321595755037, 0.008559201141226819, N, 0.9473684210526315, 2213
0.6604321595755037, 0.008555133079847909, N, 0.9473684210526315, 329
0.6604321595755037, 0.00855106888361045, N, 0.9473684210526315, 4694
0.6604321595755037, 0.008547008547008548, N, 0.9473684210526315, 9701
0.6604321595755037, 0.00854295206454675, N, 0.9473684210526315, 8566
0.6604321595755037, 0.008538899430740038, N, 0.9473684210526315, 216
0.6596928306393696, 0.008534850640113799, N, 0.9473684210526315, 8323
0.6596928306393696, 0.008530805687203791, N, 0.9473684210526315, 796
0.6596928306393696, 0.008526764566556135, N, 0.9473684210526315, 8499
0.6596928306393696, 0.008522727272727272, N, 0.9473684210526315, 5257
0.6596928306393696, 0.008518693800283956, N, 0.9473684210526315, 9464
0.6596928306393696, 0.008514664143803218, N, 0.9473684210526315, 6374
0.6589535017032355, 0.00851063829787234, N, 0.9473684210526315, 6112
0.6589535017032355, 0.008506616257088847, N, 0.9473684210526315, 8163
0.6541381280304002, 0.008502598016060462, N, 0.9473684210526315, 4857
0.6541381280304002, 0.0084985835694051, N, 0.9473684210526315, 3931
0.6541381280304002, 0.008494572911750826, N, 0.9473684210526315, 8033
0.6541381280304002, 0.008490566037735849, N, 0.9473684210526315, 8370
0.6541381280304002, 0.008486562942008486, N, 0.9473684210526315, 2013
0.6541381280304002, 0.008482563619227144, N, 0.9473684210526315, 6915
0.6541381280304002, 0.008478568064060292, N, 0.9473684210526315, 7096
0.6541381280304002, 0.00847457627118644, N, 0.9473684210526315, 918
0.6541381280304002, 0.008470588235294117, N, 0.9473684210526315, 7903
0.653398799094266, 0.008466603951081843, N, 0.9473684210526315, 3312
0.653398799094266, 0.00846262341325811, N, 0.9473684210526315, 10367
0.653398799094266, 0.008458646616541353, N, 0.9473684210526315, 7655
0.653398799094266, 0.008454673555659934, N, 0.9473684210526315, 3808
0.653398799094266, 0.008450704225352112, N, 0.9473684210526315, 5690
0.653398799094266, 0.008446738620366025, N, 0.9473684210526315, 8047
0.653398799094266, 0.008442776735459663, N, 0.9473684210526315, 6620
0.653398799094266, 0.008438818565400843, N, 0.9473684210526315, 8102
0.653398799094266, 0.008434864104967198, N, 0.9473684210526315, 5213
0.653398799094266, 0.008430913348946136, N, 0.9473684210526315, 4424
0.653398799094266, 0.008426966292134831, N, 0.9473684210526315, 9333
0.653398799094266, 0.008423022929340197, N, 0.9473684210526315, 3519
0.6526594701581317, 0.00841908325537886, N, 0.9473684210526315, 11067
0.6526594701581317, 0.008415147265077139, N, 0.9473684210526315, 6643
0.6526594701581317, 0.008411214953271028, N, 0.9473684210526315, 6160
0.6526594701581317, 0.008407286314806165, N, 0.9473684210526315, 4170
0.6526594701581317, 0.008403361344537815, N, 0.9473684210526315, 8491
0.6526594701581317, 0.008399440037330844, N, 0.9473684210526315, 89
0.6526594701581317, 0.008395522388059701, N, 0.9473684210526315, 5763
0.6526594701581317, 0.008391608391608392, N, 0.9473684210526315, 1284
0.6526594701581317, 0.008387698042870456, N, 0.9473684210526315, 7865
0.6519201412219977, 0.008383791336748951, N, 0.9473684210526315, 9767
0.6519201412219977, 0.008379888268156424, N, 0.9473684210526315, 10398
0.6519201412219977, 0.00837598883201489, N, 0.9473684210526315, 11153
0.6519201412219977, 0.008372093023255815, N, 0.9473684210526315, 10151
0.6478440964852966, 0.008368200836820083, N, 0.9473684210526315, 5191
0.6471047675491624, 0.008364312267657992, N, 0.9473684210526315, 1011
0.6471047675491624, 0.008360427310729215, N, 0.9473684210526315, 4491
0.6471047675491624, 0.008356545961002786, N, 0.9473684210526315, 6542
0.6471047675491624, 0.008352668213457077, N, 0.9473684210526315, 9192
0.6471047675491624, 0.008348794063079777, N, 0.9473684210526315, 7113
0.6471047675491624, 0.008344923504867872, N, 0.9473684210526315, 4917
0.6471047675491624, 0.008341056533827619, N, 0.9473684210526315, 4663
0.6471047675491624, 0.008337193144974525, N, 0.9473684210526315, 5358
0.6463654386130282, 0.008333333333333333, N, 0.9473684210526315, 627
0.6463654386130282, 0.008329477093937991, N, 0.9473684210526315, 1294
0.6463654386130282, 0.008325624421831638, N, 0.9473684210526315, 6955
0.6463654386130282, 0.008321775312066574, N, 0.9473684210526315, 6973
0.6463654386130282, 0.00831792975970425, N, 0.9473684210526315, 8358
0.6463654386130282, 0.008314087759815243, N, 0.9473684210526315, 10350
0.6463654386130282, 0.008310249307479225, N, 0.9473684210526315, 6041
0.6463654386130282, 0.008306414397784956, N, 0.9473684210526315, 6456
0.645626109676894, 0.008302583025830259, N, 0.9473684210526315, 10245
0.645626109676894, 0.008298755186721992, N, 0.9473684210526315, 7690
0.645626109676894, 0.008294930875576038, N, 0.9473684210526315, 8734
0.645626109676894, 0.008291110087517274, N, 0.9473684210526315, 4940
0.645626109676894, 0.008287292817679558, N, 0.9473684210526315, 4097
0.645626109676894, 0.008283479061205707, N, 0.9473684210526315, 10997
0.645626109676894, 0.00827966881324747, N, 0.9473684210526315, 728
0.645626109676894, 0.008275862068965517, N, 0.9473684210526315, 528
0.645626109676894, 0.008272058823529412, N, 0.9473684210526315, 4692
0.645626109676894, 0.008268259072117593, N, 0.9473684210526315, 5892
0.645626109676894, 0.008264462809917356, N, 0.9473684210526315, 3648
0.645626109676894, 0.008260670032124828, N, 0.9473684210526315, 5072
0.6448867807407599, 0.008256880733944955, N, 0.9473684210526315, 7741
0.6448867807407599, 0.008253094910591471, N, 0.9473684210526315, 904
0.6448867807407599, 0.008249312557286892, N, 0.9473684210526315, 11078
0.6448867807407599, 0.008245533669262483, N, 0.9473684210526315, 1355
0.6448867807407599, 0.008241758241758242, N, 0.9473684210526315, 8314
0.6448867807407599, 0.008237986270022883, N, 0.9473684210526315, 5288
0.6441474518046257, 0.008234217749313814, N, 0.9473684210526315, 10899
0.6441474518046257, 0.00823045267489712, N, 0.9473684210526315, 4536
0.6441474518046257, 0.008226691042047532, N, 0.9473684210526315, 971
0.6400714070679246, 0.008222932846048425, N, 0.9473684210526315, 9416
0.6400714070679246, 0.00821917808219178, N, 0.9473684210526315, 4013
0.6393320781317904, 0.008215426745778184, N, 0.9473684210526315, 6829
0.6393320781317904, 0.008211678832116789, N, 0.9473684210526315, 8325
0.6393320781317904, 0.008207934336525308, N, 0.9473684210526315, 6649
0.6393320781317904, 0.008204193254329991, N, 0.9473684210526315, 11421
0.6393320781317904, 0.008200455580865604, N, 0.9473684210526315, 7382
0.6393320781317904, 0.00819672131147541, N, 0.9473684210526315, 568
0.6393320781317904, 0.008192990441511151, N, 0.9473684210526315, 2993
0.6393320781317904, 0.00818926296633303, N, 0.9473684210526315, 8374
0.6393320781317904, 0.008185538881309686, N, 0.9473684210526315, 9481
0.6393320781317904, 0.008181818181818182, N, 0.9473684210526315, 5766
0.6393320781317904, 0.00817810086324398, N, 0.9473684210526315, 4979
0.6393320781317904, 0.008174386920980926, N, 0.9473684210526315, 1031
0.6393320781317904, 0.008170676350431231, N, 0.9473684210526315, 6396
0.6385927491956562, 0.008166969147005444, N, 0.9473684210526315, 7904
0.6385927491956562, 0.00816326530612245, N, 0.9473684210526315, 5748
0.6385927491956562, 0.008159564823209429, N, 0.9473684210526315, 833
0.6385927491956562, 0.008155867693701857, N, 0.9473684210526315, 6440
0.6385927491956562, 0.008152173913043478, N, 0.9473684210526315, 10685
0.6385927491956562, 0.008148483476686284, N, 0.9473684210526315, 5456
0.6385927491956562, 0.008144796380090498, N, 0.9473684210526315, 8208
0.6385927491956562, 0.008141112618724558, N, 0.9473684210526315, 6133
0.6385927491956562, 0.0081374321880651, N, 0.9473684210526315, 3571
0.6385927491956562, 0.008133755083596927, N, 0.9473684210526315, 9028
0.6385927491956562, 0.008130081300813009, N, 0.9473684210526315, 10442
0.6385927491956562, 0.008126410835214447, N, 0.9473684210526315, 10381
0.6385927491956562, 0.008122743682310469, N, 0.9473684210526315, 5282
0.6385927491956562, 0.008119079837618403, N, 0.9473684210526315, 11123
0.6385927491956562, 0.008115419296663661, N, 0.9473684210526315, 9621
0.6378534202595222, 0.00811176205497972, N, 0.9473684210526315, 1331
0.6378534202595222, 0.008108108108108109, N, 0.9473684210526315, 10996
0.6378534202595222, 0.00810445745159838, N, 0.9473684210526315, 11097
0.6378534202595222, 0.008100810081008101, N, 0.9473684210526315, 5299
0.6378534202595222, 0.008097165991902834, N, 0.9473684210526315, 9498
0.6378534202595222, 0.008093525179856115, N, 0.9473684210526315, 7516
0.6378534202595222, 0.008089887640449439, N, 0.9473684210526315, 8101
0.6378534202595222, 0.008086253369272238, N, 0.9473684210526315, 8250
0.6378534202595222, 0.008082622361921869, N, 0.9473684210526315, 8537
0.6378534202595222, 0.00807899461400359, N, 0.9473684210526315, 5985
0.6378534202595222, 0.008075370121130552, N, 0.9473684210526315, 7207
0.6371140913233879, 0.008071748878923767, N, 0.9473684210526315, 5075
0.6371140913233879, 0.008068130883012102, N, 0.9473684210526315, 2378
0.6371140913233879, 0.008064516129032258, N, 0.9473684210526315, 2515
0.6363747623872538, 0.00806090461262875, N, 0.9473684210526315, 5251
0.6322987176505527, 0.008057296329453895, N, 0.9473684210526315, 6147
0.6322987176505527, 0.008053691275167786, N, 0.9473684210526315, 8398
0.6322987176505527, 0.008050089445438283, N, 0.9473684210526315, 6495
0.6315593887144184, 0.008046490835940992, N, 0.9473684210526315, 10425
0.6315593887144184, 0.00804289544235925, N, 0.9473684210526315, 8137
0.6315593887144184, 0.0080393032603841, N, 0.9473684210526315, 2611
0.6315593887144184, 0.008035714285714285, N, 0.9473684210526315, 8353
0.6315593887144184, 0.008032128514056224, N, 0.9473684210526315, 4873
0.6315593887144184, 0.008028545941123996, N, 0.9473684210526315, 461
0.6315593887144184, 0.008024966562639322, N, 0.9473684210526315, 9828
0.6315593887144184, 0.008021390374331552, N, 0.9473684210526315, 7361
0.6315593887144184, 0.008017817371937639, N, 0.9473684210526315, 662
0.6315593887144184, 0.008014247551202136, N, 0.9473684210526315, 10925
0.6315593887144184, 0.00801068090787717, N, 0.9473684210526315, 2968
0.6308200597782844, 0.00800711743772242, N, 0.9473684210526315, 8030
0.6308200597782844, 0.008003557136505114, N, 0.9473684210526315, 2281
0.6308200597782844, 0.008, N, 0.9473684210526315, 7722
0.6308200597782844, 0.007996446023989337, N, 0.9473684210526315, 308
0.6308200597782844, 0.007992895204262877, N, 0.9473684210526315, 835
0.6308200597782844, 0.007989347536617843, N, 0.9473684210526315, 6481
0.6308200597782844, 0.007985803016858917, N, 0.9473684210526315, 2614
0.6308200597782844, 0.007982261640798226, N, 0.9473684210526315, 5686
0.6308200597782844, 0.007978723404255319, N, 0.9473684210526315, 7907
0.6308200597782844, 0.007975188303057155, N, 0.9473684210526315, 3400
0.6308200597782844, 0.007971656333038087, N, 0.9473684210526315, 7672
0.6308200597782844, 0.00796812749003984, N, 0.9473684210526315, 186
0.6308200597782844, 0.007964601769911504, N, 0.9473684210526315, 5804
0.6308200597782844, 0.00796107916850951, N, 0.9473684210526315, 6567
0.6308200597782844, 0.007957559681697613, N, 0.9473684210526315, 5171
0.6308200597782844, 0.007954043305346884, N, 0.9473684210526315, 608
0.6308200597782844, 0.007950530035335688, N, 0.9473684210526315, 8132
0.6308200597782844, 0.007947019867549669, N, 0.9473684210526315, 898
0.6308200597782844, 0.00794351279788173, N, 0.9473684210526315, 10498
0.6308200597782844, 0.007940008822232024, N, 0.9473684210526315, 68
0.6308200597782844, 0.007936507936507936, N, 0.9473684210526315, 7504
0.6300807308421502, 0.007933010136624064, N, 0.9473684210526315, 59
0.6300807308421502, 0.007929515418502203, N, 0.9473684210526315, 3095
0.6300807308421502, 0.007926023778071334, N, 0.9473684210526315, 5464
0.6300807308421502, 0.007922535211267605, N, 0.9473684210526315, 993
0.6300807308421502, 0.007919049714034315, N, 0.9473684210526315, 6059
0.6300807308421502, 0.0079155672823219, N, 0.9473684210526315, 11402
0.629341401906016, 0.007912087912087912, N, 0.9473684210526315, 574
0.6252653571693149, 0.007908611599297012, N, 0.9473684210526315, 6553
0.6245260282331807, 0.007905138339920948, N, 0.9473684210526315, 9336
0.6245260282331807, 0.007901668129938543, N, 0.9473684210526315, 10159
0.6245260282331807, 0.007898200965335674, N, 0.9473684210526315, 6515
0.6245260282331807, 0.007894736842105263, N, 0.9473684210526315, 7784
0.6245260282331807, 0.00789127575624726, N, 0.9473684210526315, 1763
0.6245260282331807, 0.007887817703768623, N, 0.9473684210526315, 5429
0.6245260282331807, 0.00788436268068331, N, 0.9473684210526315, 5784
0.6245260282331807, 0.00788091068301226, N, 0.9473684210526315, 2231
0.6245260282331807, 0.00787746170678337, N, 0.9473684210526315, 4152
0.6245260282331807, 0.007874015748031496, N, 0.9473684210526315, 951
0.6245260282331807, 0.007870572802798426, N, 0.9473684210526315, 8885
0.6237866992970466, 0.007867132867132868, N, 0.9473684210526315, 10837
0.6237866992970466, 0.007863695937090432, N, 0.9473684210526315, 6587
0.6237866992970466, 0.007860262008733625, N, 0.9473684210526315, 1733
0.6237866992970466, 0.00785683107813182, N, 0.9473684210526315, 845
0.6237866992970466, 0.007853403141361256, N, 0.9473684210526315, 4471
0.6230473703609124, 0.007849978194505015, N, 0.9473684210526315, 11343
0.6230473703609124, 0.007846556233653008, N, 0.9473684210526315, 339
0.6230473703609124, 0.00784313725490196, N, 0.9473684210526315, 2906
0.6230473703609124, 0.0078397212543554, N, 0.9473684210526315, 5161
0.6230473703609124, 0.00783630822812364, N, 0.9473684210526315, 8098
0.6230473703609124, 0.007832898172323759, N, 0.9473684210526315, 988
0.6230473703609124, 0.0078294910830796, N, 0.9473684210526315, 11198
0.6230473703609124, 0.00782608695652174, N, 0.9473684210526315, 9696
0.6230473703609124, 0.007822685788787484, N, 0.9473684210526315, 364
0.6230473703609124, 0.007819287576020852, N, 0.9473684210526315, 1734
0.6230473703609124, 0.007815892314372557, N, 0.9473684210526315, 745
0.6223080414247782, 0.0078125, N, 0.9473684210526315, 1890
0.6223080414247782, 0.0078091106290672455, N, 0.9473684210526315, 8846
0.6174926677519429, 0.007805724197745013, N, 0.9473684210526315, 7183
0.6167533388158088, 0.007802340702210663, N, 0.9473684210526315, 1324
0.6167533388158088, 0.00779896013864818, N, 0.9473684210526315, 3835
0.6167533388158088, 0.007795582503248159, N, 0.9473684210526315, 7781
0.6167533388158088, 0.007792207792207792, N, 0.9473684210526315, 8864
0.6167533388158088, 0.007788836001730853, N, 0.9473684210526315, 643
0.6167533388158088, 0.007785467128027681, N, 0.9473684210526315, 1761
0.6167533388158088, 0.007782101167315175, N, 0.9473684210526315, 5386
0.6167533388158088, 0.007778738115816767, N, 0.9473684210526315, 3376
0.6167533388158088, 0.007775377969762419, N, 0.9473684210526315, 2429
0.6167533388158088, 0.007772020725388601, N, 0.9473684210526315, 1804
0.6167533388158088, 0.007768666378938282, N, 0.9473684210526315, 4765
0.6167533388158088, 0.007765314926660914, N, 0.9473684210526315, 4535
0.6167533388158088, 0.007761966364812419, N, 0.9473684210526315, 4293
0.6167533388158088, 0.007758620689655172, N, 0.9473684210526315, 5141
0.6167533388158088, 0.007755277897457992, N, 0.9473684210526315, 7840
0.6167533388158088, 0.007751937984496124, N, 0.9473684210526315, 5821
0.6160140098796746, 0.007748600947051227, N, 0.9473684210526315, 3024
0.6160140098796746, 0.00774526678141136, N, 0.9473684210526315, 4618
0.6160140098796746, 0.007741935483870968, N, 0.9473684210526315, 256
0.6160140098796746, 0.007738607050730868, N, 0.9473684210526315, 3811
0.6160140098796746, 0.007735281478298238, N, 0.9473684210526315, 6000
0.6160140098796746, 0.007731958762886598, N, 0.9473684210526315, 4103
0.6160140098796746, 0.007728638900815801, N, 0.9473684210526315, 127
0.6160140098796746, 0.007725321888412017, N, 0.9473684210526315, 7079
0.6160140098796746, 0.007722007722007722, N, 0.9473684210526315, 8427
0.6160140098796746, 0.007718696397941681, N, 0.9473684210526315, 927
0.6152746809435404, 0.007715387912558937, N, 0.9473684210526315, 718
0.6152746809435404, 0.007712082262210797, N, 0.9473684210526315, 8341
0.609719978334571, 0.007708779443254818, N, 0.9473684210526315, 7591
0.609719978334571, 0.007705479452054794, N, 0.9473684210526315, 2623
0.609719978334571, 0.007702182284980745, N, 0.9473684210526315, 8718
0.6089806493984369, 0.007698887938408896, N, 0.9473684210526315, 11034
0.6089806493984369, 0.007695596408721676, N, 0.9473684210526315, 136
0.6089806493984369, 0.007692307692307693, N, 0.9473684210526315, 5484
0.6089806493984369, 0.007689021785561726, N, 0.9473684210526315, 6376
0.6089806493984369, 0.007685738684884714, N, 0.9473684210526315, 7905
0.6089806493984369, 0.0076824583866837385, N, 0.9473684210526315, 10160
0.6089806493984369, 0.007679180887372013, N, 0.9473684210526315, 10465
0.6089806493984369, 0.00767590618336887, N, 0.9473684210526315, 2987
0.6089806493984369, 0.0076726342710997444, N, 0.9473684210526315, 9661
0.6089806493984369, 0.007669365146996165, N, 0.9473684210526315, 7006
0.6089806493984369, 0.007666098807495741, N, 0.9473684210526315, 6387
0.6089806493984369, 0.007662835249042145, N, 0.9473684210526315, 3880
0.6089806493984369, 0.007659574468085106, N, 0.9473684210526315, 3504
0.6089806493984369, 0.0076563164610803916, N, 0.9473684210526315, 3385
0.6089806493984369, 0.007653061224489796, N, 0.9473684210526315, 8105
0.6089806493984369, 0.00764980875478113, N, 0.9473684210526315, 2167
0.6082413204623026, 0.0076465590484282074, N, 0.9473684210526315, 4540
0.6082413204623026, 0.007643312101910828, N, 0.9473684210526315, 9392
0.6024596450117483, 0.007640067911714771, N, 0.9473684210526315, 616
0.6019472889171991, 0.007636826474331778, N, 0.9473684210526315, 7
0.6019472889171991, 0.007633587786259542, N, 0.9473684210526315, 8805
0.6019472889171991, 0.007630351844001695, N, 0.9473684210526315, 1108
0.6019472889171991, 0.007627118644067797, N, 0.9473684210526315, 4318
0.6019472889171991, 0.007623888182973317, N, 0.9473684210526315, 6255
0.6019472889171991, 0.007620660457239628, N, 0.9473684210526315, 6120
0.6019472889171991, 0.00761743546339399, N, 0.9473684210526315, 8134
0.6012079599810649, 0.007614213197969543, N, 0.9473684210526315, 9221
0.6012079599810649, 0.007610993657505285, N, 0.9473684210526315, 907
0.5965450135226749, 0.0076077768385460695, N, 0.9473684210526315, 8493
0.5941745994998271, 0.0076045627376425855, N, 0.9473684210526315, 150
0.5491695480823091, 0.007601351351351352, N, 0.9473684210526315, 9911
0.5317661113192667, 0.007598142676234698, N, 0.9473684210526315, 7602
0.5317661113192667, 0.007594936708860759, N, 0.9473684210526315, 7238
0.5310267823831324, 0.007591733445803458, N, 0.9473684210526315, 8476
0.517699390356791, 0.007588532883642495, N, 0.9473684210526315, 7859
0.5084480430671507, 0.007585335018963337, N, 0.9473684210526315, 8188
0.4999360247136446, 0.007582139848357203, N, 0.9473684210526315, 7967
0.49807796678534605, 0.007578947368421052, N, 0.9473684210526315, 6326
0.49585997997694353, 0.007575757575757576, N, 0.9473684210526315, 4344
0.49585997997694353, 0.007572570466975179, N, 0.9473684210526315, 3237
0.4880872905595716, 0.007569386038687973, N, 0.9473684210526315, 5226
0.4880872905595716, 0.007566204287515763, N, 0.9473684210526315, 8063
0.4873479616234374, 0.007563025210084034, N, 0.9473684210526315, 6405
0.48512997481503495, 0.007559848803023939, N, 0.9473684210526315, 8442
0.48105393007833386, 0.007556675062972292, N, 0.9473684210526315, 9872
0.48105393007833386, 0.007553503986571549, N, 0.9473684210526315, 4348
0.47957527220606544, 0.007550335570469799, N, 0.9473684210526315, 1772
0.47883594326993134, 0.007547169811320755, N, 0.9473684210526315, 7860
0.47697788534163277, 0.0075440067057837385, N, 0.9473684210526315, 6848
0.47402056959709604, 0.00754084625052367, N, 0.9473684210526315, 7837
0.4732812406609619, 0.007537688442211055, N, 0.9473684210526315, 5109
0.46772653805199244, 0.007534533277521975, N, 0.9473684210526315, 7963
0.4669872091158583, 0.007531380753138075, N, 0.9473684210526315, 2149
0.4669872091158583, 0.0075282308657465494, N, 0.9473684210526315, 6328
0.4662478801797241, 0.007525083612040134, N, 0.9473684210526315, 6695
0.46476922230745576, 0.007521938988717091, N, 0.9473684210526315, 6560
0.46476922230745576, 0.007518796992481203, N, 0.9473684210526315, 7187
0.4640298933713216, 0.007515657620041753, N, 0.9473684210526315, 7523
0.4640298933713216, 0.007512520868113523, N, 0.9473684210526315, 6449
0.4606931775707547, 0.007509386733416771, N, 0.9473684210526315, 8367
0.4599538486346205, 0.007506255212677231, N, 0.9473684210526315, 9642
0.4584751907623521, 0.007503126302626094, N, 0.9473684210526315, 5067
0.4569965328900838, 0.0075, N, 0.9473684210526315, 8513
0.4569965328900838, 0.007496876301541024, N, 0.9473684210526315, 6618
0.4569965328900838, 0.00749375520399667, N, 0.9473684210526315, 6592
0.4569965328900838, 0.00749063670411985, N, 0.9473684210526315, 4889
0.45439914602565107, 0.0074875207986688855, N, 0.9473684210526315, 4500
0.45292048815338276, 0.007484407484407485, N, 0.9473684210526315, 5116
0.45218115921724855, 0.007481296758104738, N, 0.9473684210526315, 4837
0.45218115921724855, 0.007478188616535106, N, 0.9473684210526315, 10018
0.45218115921724855, 0.007475083056478406, N, 0.9473684210526315, 6555
0.45218115921724855, 0.007471980074719801, N, 0.9473684210526315, 6790
0.45144183028111434, 0.007468879668049793, N, 0.9473684210526315, 3912
0.45070250134498024, 0.007465781833264205, N, 0.9473684210526315, 8165
0.4473657855444133, 0.007462686567164179, N, 0.9473684210526315, 9996
0.445887127672145, 0.0074595938665561546, N, 0.9473684210526315, 1818
0.445887127672145, 0.007456503728251864, N, 0.9473684210526315, 3944
0.445887127672145, 0.007453416149068323, N, 0.9473684210526315, 7606
0.4451477987360108, 0.0074503311258278145, N, 0.9473684210526315, 6134
0.4451477987360108, 0.007447248655357882, N, 0.9473684210526315, 5468
0.4444084697998766, 0.007444168734491315, N, 0.9473684210526315, 102
0.4444084697998766, 0.007441091360066143, N, 0.9473684210526315, 9792
0.4444084697998766, 0.00743801652892562, N, 0.9473684210526315, 5321
0.44366914086374243, 0.007434944237918215, N, 0.9473684210526315, 6971
0.44366914086374243, 0.007431874483897605, N, 0.9473684210526315, 4507
0.44366914086374243, 0.007428807263722658, N, 0.9473684210526315, 7442
0.44366914086374243, 0.007425742574257425, N, 0.9473684210526315, 3918
0.4429298119276083, 0.007422680412371134, N, 0.9473684210526315, 7416
0.4429298119276083, 0.00741962077493817, N, 0.9473684210526315, 8221
0.4429298119276083, 0.007416563658838072, N, 0.9473684210526315, 8621
0.4421904829914741, 0.007413509060955519, N, 0.9473684210526315, 4727
0.43811443825477303, 0.007410456978180321, N, 0.9473684210526315, 8329
0.4373751093186388, 0.007407407407407408, N, 0.9473684210526315, 7417
0.4373751093186388, 0.007404360345536816, N, 0.9473684210526315, 8408
0.43663578038250467, 0.007401315789473684, N, 0.9473684210526315, 4894
0.43663578038250467, 0.007398273736128237, N, 0.9473684210526315, 6204
0.43663578038250467, 0.007395234182415777, N, 0.9473684210526315, 10016
0.43663578038250467, 0.007392197125256674, N, 0.9473684210526315, 5279
0.43589645144637046, 0.007389162561576354, N, 0.9473684210526315, 9933
0.43589645144637046, 0.007386130488305293, N, 0.9473684210526315, 6663
0.4351571225102363, 0.007383100902378999, N, 0.9473684210526315, 7858
0.4351571225102363, 0.007380073800738007, N, 0.9473684210526315, 4949
0.4351571225102363, 0.007377049180327869, N, 0.9473684210526315, 7637
0.4318204067096694, 0.007374027038099139, N, 0.9473684210526315, 6051
0.4310810777735352, 0.007371007371007371, N, 0.9473684210526315, 7565
0.4310810777735352, 0.007367990176013099, N, 0.9473684210526315, 6519
0.4310810777735352, 0.007364975450081833, N, 0.9473684210526315, 9975
0.43034174883740106, 0.007361963190184049, N, 0.9473684210526315, 7240
0.43034174883740106, 0.007358953393295176, N, 0.9473684210526315, 3441
0.43034174883740106, 0.0073559460563955865, N, 0.9473684210526315, 7634
0.43034174883740106, 0.007352941176470588, N, 0.9473684210526315, 6754
0.43034174883740106, 0.007349938750510413, N, 0.9473684210526315, 3889
0.4296024199012669, 0.007346938775510204, N, 0.9473684210526315, 6857
0.4296024199012669, 0.0073439412484700125, N, 0.9473684210526315, 6898
0.4296024199012669, 0.00734094616639478, N, 0.9473684210526315, 2895
0.4296024199012669, 0.007337953526294333, N, 0.9473684210526315, 3798
0.4288630909651327, 0.007334963325183374, N, 0.9473684210526315, 2765
0.4288630909651327, 0.007331975560081467, N, 0.9473684210526315, 6375
0.4288630909651327, 0.007328990228013029, N, 0.9473684210526315, 8147
0.4288630909651327, 0.007326007326007326, N, 0.9473684210526315, 2123
0.4288630909651327, 0.007323026851098454, N, 0.9473684210526315, 4169
0.4288630909651327, 0.0073200488003253355, N, 0.9473684210526315, 6655
0.42812376202899854, 0.007317073170731708, N, 0.9473684210526315, 8910
0.42738443309286434, 0.007314099959366111, N, 0.9473684210526315, 7959
0.42738443309286434, 0.007311129163281885, N, 0.9473684210526315, 8603
0.42738443309286434, 0.007308160779537149, N, 0.9473684210526315, 6284
0.42478704622843166, 0.007305194805194805, N, 0.9473684210526315, 7556
0.42478704622843166, 0.007302231237322515, N, 0.9473684210526315, 9805
0.42404771729229745, 0.0072992700729927005, N, 0.9473684210526315, 9835
0.42330838835616325, 0.007296311309282529, N, 0.9473684210526315, 6816
0.4225690594200291, 0.007293354943273906, N, 0.9473684210526315, 5714
0.4225690594200291, 0.007290400972053463, N, 0.9473684210526315, 2852
0.4225690594200291, 0.0072874493927125505, N, 0.9473684210526315, 7070
0.4225690594200291, 0.007284500202347228, N, 0.9473684210526315, 91
0.4225690594200291, 0.007281553398058253, N, 0.9473684210526315, 9484
0.4225690594200291, 0.007278608976951072, N, 0.9473684210526315, 5787
0.4225690594200291, 0.007275666936135812, N, 0.9473684210526315, 5214
0.4225690594200291, 0.007272727272727273, N, 0.9473684210526315, 5943
0.42182973048389494, 0.007269789983844911, N, 0.9473684210526315, 6892
0.42182973048389494, 0.0072668550666128385, N, 0.9473684210526315, 7055
0.42182973048389494, 0.007263922518159807, N, 0.9473684210526315, 3807
0.42182973048389494, 0.007260992335619202, N, 0.9473684210526315, 2297
0.42182973048389494, 0.007258064516129033, N, 0.9473684210526315, 7755
0.42182973048389494, 0.007255139056831923, N, 0.9473684210526315, 6218
0.42182973048389494, 0.007252215954875101, N, 0.9473684210526315, 7704
0.42182973048389494, 0.00724929520741039, N, 0.9473684210526315, 1895
0.42182973048389494, 0.007246376811594203, N, 0.9473684210526315, 1005
0.42182973048389494, 0.007243460764587525, N, 0.9473684210526315, 9485
0.42182973048389494, 0.007240547063555913, N, 0.9473684210526315, 3926
0.4210904015477608, 0.007237635705669481, N, 0.9473684210526315, 5265
0.4210904015477608, 0.007234726688102894, N, 0.9473684210526315, 7600
0.4210904015477608, 0.007231820008035355, N, 0.9473684210526315, 3969
0.4203510726116266, 0.007228915662650603, N, 0.9473684210526315, 8732
0.4203510726116266, 0.0072260136491368926, N, 0.9473684210526315, 9024
0.4203510726116266, 0.0072231139646869984, N, 0.9473684210526315, 4138
0.4170143568110597, 0.007220216606498195, N, 0.9473684210526315, 3567
0.4170143568110597, 0.007217321571772253, N, 0.9473684210526315, 4324
0.4162750278749255, 0.007214428857715431, N, 0.9473684210526315, 5082
0.4162750278749255, 0.007211538461538462, N, 0.9473684210526315, 11003
0.4162750278749255, 0.007208650380456548, N, 0.9473684210526315, 6093
0.41553569893879133, 0.007205764611689352, N, 0.9473684210526315, 9335
0.41553569893879133, 0.007202881152460984, N, 0.9473684210526315, 7615
0.41553569893879133, 0.0072, N, 0.9473684210526315, 6189
0.41553569893879133, 0.007197121151539384, N, 0.9473684210526315, 5717
0.4147963700026571, 0.007194244604316547, N, 0.9473684210526315, 3313
0.4147963700026571, 0.007191370355573312, N, 0.9473684210526315, 8440
0.4147963700026571, 0.00718849840255591, N, 0.9473684210526315, 9721
0.4147963700026571, 0.00718562874251497, N, 0.9473684210526315, 1038
0.414057041066523, 0.007182761372705506, N, 0.9473684210526315, 4255
0.414057041066523, 0.007179896290386917, N, 0.9473684210526315, 4497
0.414057041066523, 0.007177033492822967, N, 0.9473684210526315, 6651
0.414057041066523, 0.007174172977281785, N, 0.9473684210526315, 5212
0.414057041066523, 0.007171314741035857, N, 0.9473684210526315, 3831
0.414057041066523, 0.007168458781362007, N, 0.9473684210526315, 4506
0.4133177121303888, 0.007165605095541401, N, 0.9473684210526315, 5794
0.4133177121303888, 0.00716275368085953, N, 0.9473684210526315, 6411
0.4133177121303888, 0.007159904534606206, N, 0.9473684210526315, 3018
0.4133177121303888, 0.007157057654075547, N, 0.9473684210526315, 4738
0.4125783831942546, 0.007154213036565978, N, 0.9473684210526315, 7335
0.4125783831942546, 0.007151370679380214, N, 0.9473684210526315, 6151
0.4125783831942546, 0.007148530579825258, N, 0.9473684210526315, 1419
0.4125783831942546, 0.007145692735212386, N, 0.9473684210526315, 6467
0.4125783831942546, 0.007142857142857143, N, 0.9473684210526315, 4240
0.4125783831942546, 0.007140023800079333, N, 0.9473684210526315, 4415
0.4118390542581205, 0.007137192704203013, N, 0.9473684210526315, 7433
0.4118390542581205, 0.007134363852556481, N, 0.9473684210526315, 7184
0.4092416673936877, 0.0071315372424722665, N, 0.9473684210526315, 6072
0.4092416673936877, 0.007128712871287129, N, 0.9473684210526315, 732
0.40850233845755357, 0.007125890736342043, N, 0.9473684210526315, 5558
0.40850233845755357, 0.007123070834982192, N, 0.9473684210526315, 9741
0.40850233845755357, 0.007120253164556962, N, 0.9473684210526315, 2412
0.40776300952141936, 0.0071174377224199285, N, 0.9473684210526315, 5306
0.40776300952141936, 0.0071146245059288534, N, 0.9473684210526315, 8711
0.40776300952141936, 0.007111813512445673, N, 0.9473684210526315, 3733
0.40776300952141936, 0.0071090047393364926, N, 0.9473684210526315, 6535
0.40776300952141936, 0.007106198183971575, N, 0.9473684210526315, 9788
0.40776300952141936, 0.007103393843725336, N, 0.9473684210526315, 7023
0.40702368058528526, 0.007100591715976331, N, 0.9473684210526315, 2377
0.40702368058528526, 0.007097791798107256, N, 0.9473684210526315, 3538
0.40702368058528526, 0.007094994087504927, N, 0.9473684210526315, 7171
0.40702368058528526, 0.0070921985815602835, N, 0.9473684210526315, 5204
0.40702368058528526, 0.0070894052776683735, N, 0.9473684210526315, 4379
0.40702368058528526, 0.007086614173228346, N, 0.9473684210526315, 5093
0.40702368058528526, 0.0070838252656434475, N, 0.9473684210526315, 3102
0.40702368058528526, 0.007081038552321007, N, 0.9473684210526315, 5809
0.40702368058528526, 0.007078254030672434, N, 0.9473684210526315, 4388
0.40702368058528526, 0.007075471698113208, N, 0.9473684210526315, 8135
0.40702368058528526, 0.007072691552062868, N, 0.9473684210526315, 9735
0.40628435164915105, 0.007069913589945012, N, 0.9473684210526315, 5148
0.40628435164915105, 0.007067137809187279, N, 0.9473684210526315, 4582
0.40628435164915105, 0.00706436420722135, N, 0.9473684210526315, 5078
0.40628435164915105, 0.007061592781482934, N, 0.9473684210526315, 2125
0.40628435164915105, 0.007058823529411765, N, 0.9473684210526315, 9233
0.40628435164915105, 0.007056056448451587, N, 0.9473684210526315, 2477
0.40628435164915105, 0.007053291536050157, N, 0.9473684210526315, 9884
0.40628435164915105, 0.007050528789659225, N, 0.9473684210526315, 2530
0.40628435164915105, 0.007047768206734534, N, 0.9473684210526315, 5060
0.40628435164915105, 0.0070450097847358124, N, 0.9473684210526315, 8595
0.40628435164915105, 0.007042253521126761, N, 0.9473684210526315, 6938
0.40628435164915105, 0.007039499413375049, N, 0.9473684210526315, 6720
0.40628435164915105, 0.007036747458952306, N, 0.9473684210526315, 4854
0.40628435164915105, 0.007033997655334115, N, 0.9473684210526315, 6557
0.40554502271301685, 0.00703125, N, 0.9473684210526315, 4994
0.40554502271301685, 0.007028504490433424, N, 0.9473684210526315, 5529
0.40554502271301685, 0.00702576112412178, N, 0.9473684210526315, 8458
0.40554502271301685, 0.00702301989855638, N, 0.9473684210526315, 4051
0.40554502271301685, 0.0070202808112324495, N, 0.9473684210526315, 7725
0.40554502271301685, 0.007017543859649123, N, 0.9473684210526315, 5950
0.40554502271301685, 0.007014809041309431, N, 0.9473684210526315, 6365
0.40554502271301685, 0.007012076353720296, N, 0.9473684210526315, 5807
0.40554502271301685, 0.007009345794392523, N, 0.9473684210526315, 3576
0.40554502271301685, 0.0070066173608407945, N, 0.9473684210526315, 5740
0.4048056937768827, 0.007003891050583658, N, 0.9473684210526315, 5610
0.4036869647847183, 0.007001166861143524, N, 0.9473684210526315, 7366
0.4022083069124499, 0.006998444790046656, N, 0.9473684210526315, 5969
0.4014689779763158, 0.006995724834823164, N, 0.9473684210526315, 9812
0.4014689779763158, 0.006993006993006993, N, 0.9473684210526315, 5330
0.4014689779763158, 0.006990291262135922, N, 0.9473684210526315, 6356
0.4014689779763158, 0.006987577639751553, N, 0.9473684210526315, 6842
0.4014689779763158, 0.006984866123399301, N, 0.9473684210526315, 9249
0.4007296490401816, 0.0069821567106283944, N, 0.9473684210526315, 3393
0.4007296490401816, 0.006979449398991857, N, 0.9473684210526315, 4583
0.4007296490401816, 0.0069767441860465115, N, 0.9473684210526315, 11069
0.4007296490401816, 0.006974041069352964, N, 0.9473684210526315, 6292
0.4007296490401816, 0.006971340046475601, N, 0.9473684210526315, 7050
0.4007296490401816, 0.006968641114982578, N, 0.9473684210526315, 11063
0.4007296490401816, 0.00696594427244582, N, 0.9473684210526315, 3248
0.4007296490401816, 0.006963249516441006, N, 0.9473684210526315, 2924
0.39999032010404745, 0.0069605568445475635, N, 0.9473684210526315, 7845
0.39999032010404745, 0.006957866254348666, N, 0.9473684210526315, 1267
0.39999032010404745, 0.006955177743431221, N, 0.9473684210526315, 5849
0.39999032010404745, 0.006952491309385863, N, 0.9473684210526315, 7092
0.39999032010404745, 0.0069498069498069494, N, 0.9473684210526315, 5648
0.39999032010404745, 0.006947124662292551, N, 0.9473684210526315, 4760
0.39999032010404745, 0.006944444444444444, N, 0.9473684210526315, 7268
0.39999032010404745, 0.006941766293868106, N, 0.9473684210526315, 1557
0.39999032010404745, 0.006939090208172706, N, 0.9473684210526315, 7603
0.39999032010404745, 0.006936416184971098, N, 0.9473684210526315, 2394
0.39999032010404745, 0.006933744221879815, N, 0.9473684210526315, 4574
0.39999032010404745, 0.006931074316519061, N, 0.9473684210526315, 6286
0.39999032010404745, 0.006928406466512702, N, 0.9473684210526315, 5505
0.39999032010404745, 0.006925740669488265, N, 0.9473684210526315, 6966
0.3992509911679133, 0.006923076923076923, N, 0.9473684210526315, 8291
0.3992509911679133, 0.006920415224913495, N, 0.9473684210526315, 6385
0.3992509911679133, 0.006917755572636433, N, 0.9473684210526315, 7631
0.3992509911679133, 0.006915097963887821, N, 0.9473684210526315, 9697
0.3992509911679133, 0.0069124423963133645, N, 0.9473684210526315, 5881
0.3992509911679133, 0.00690978886756238, N, 0.9473684210526315, 5727
0.3992509911679133, 0.006907137375287797, N, 0.9473684210526315, 10978
0.3992509911679133, 0.006904487917146145, N, 0.9473684210526315, 3892
0.3985116622317791, 0.006901840490797546, N, 0.9473684210526315, 8624
0.3985116622317791, 0.006899195093905711, N, 0.9473684210526315, 4897
0.3985116622317791, 0.006896551724137931, N, 0.9473684210526315, 9954
0.3985116622317791, 0.0068939103791650705, N, 0.9473684210526315, 10445
0.3985116622317791, 0.006891271056661562, N, 0.9473684210526315, 7582
0.3985116622317791, 0.006888633754305396, N, 0.9473684210526315, 4161
0.39777233329564493, 0.006885998469778117, N, 0.9473684210526315, 3445
0.39777233329564493, 0.006883365200764819, N, 0.9473684210526315, 3816
0.39777233329564493, 0.006880733944954129, N, 0.9473684210526315, 6593
0.3970330043595107, 0.006878104700038212, N, 0.9473684210526315, 1908
0.39517494643121215, 0.006875477463712758, N, 0.9473684210526315, 5452
0.39517494643121215, 0.006872852233676976, N, 0.9473684210526315, 8198
0.394435617495078, 0.006870229007633588, N, 0.9473684210526315, 6132
0.394435617495078, 0.006867607783288821, N, 0.9473684210526315, 7224
0.394435617495078, 0.006864988558352402, N, 0.9473684210526315, 10412
0.39369628855894384, 0.006862371330537552, N, 0.9473684210526315, 7185
0.39369628855894384, 0.006859756097560976, N, 0.9473684210526315, 5987
0.39369628855894384, 0.006857142857142857, N, 0.9473684210526315, 8116
0.39369628855894384, 0.006854531607006854, N, 0.9473684210526315, 7375
0.39369628855894384, 0.006851922344880091, N, 0.9473684210526315, 7961
0.39369628855894384, 0.00684931506849315, N, 0.9473684210526315, 873
0.39369628855894384, 0.006846709775580068, N, 0.9473684210526315, 8149
0.39369628855894384, 0.006844106463878327, N, 0.9473684210526315, 6442
0.39369628855894384, 0.0068415051311288486, N, 0.9473684210526315, 8357
0.39369628855894384, 0.006838905775075988, N, 0.9473684210526315, 8404
0.39369628855894384, 0.006836308393467528, N, 0.9473684210526315, 2048
0.39369628855894384, 0.00683371298405467, N, 0.9473684210526315, 8926
0.39369628855894384, 0.00683111954459203, N, 0.9473684210526315, 5103
0.39369628855894384, 0.006828528072837633, N, 0.9473684210526315, 101
0.39369628855894384, 0.006825938566552901, N, 0.9473684210526315, 3209
0.39369628855894384, 0.006823351023502654, N, 0.9473684210526315, 6537
0.3929569596228097, 0.006820765441455097, N, 0.9473684210526315, 8290
0.3929569596228097, 0.006818181818181818, N, 0.9473684210526315, 900
0.3929569596228097, 0.006815600151457781, N, 0.9473684210526315, 9043
0.3929569596228097, 0.006813020439061317, N, 0.9473684210526315, 9053
0.3929569596228097, 0.00681044267877412, N, 0.9473684210526315, 3129
0.3929569596228097, 0.00680786686838124, N, 0.9473684210526315, 9858
0.3929569596228097, 0.006805293005671078, N, 0.9473684210526315, 8069
0.3929569596228097, 0.006802721088435374, N, 0.9473684210526315, 7326
0.3929569596228097, 0.00680015111446921, N, 0.9473684210526315, 742
0.3929569596228097, 0.006797583081570997, N, 0.9473684210526315, 7607
0.3929569596228097, 0.006795016987542469, N, 0.9473684210526315, 5477
0.3929569596228097, 0.006792452830188679, N, 0.9473684210526315, 7538
0.3929569596228097, 0.0067898906073179935, N, 0.9473684210526315, 4891
0.3929569596228097, 0.006787330316742082, N, 0.9473684210526315, 7958
0.3929569596228097, 0.006784771956275914, N, 0.9473684210526315, 3899
0.3929569596228097, 0.006782215523737754, N, 0.9473684210526315, 5483
0.3922176306866755, 0.006779661016949152, N, 0.9473684210526315, 4982
0.3922176306866755, 0.00677710843373494, N, 0.9473684210526315, 1670
0.3922176306866755, 0.006774557771923222, N, 0.9473684210526315, 10117
0.3922176306866755, 0.006772009029345372, N, 0.9473684210526315, 8606
0.3922176306866755, 0.006769462203836028, N, 0.9473684210526315, 7629
0.3922176306866755, 0.006766917293233083, N, 0.9473684210526315, 6588
0.3922176306866755, 0.006764374295377677, N, 0.9473684210526315, 3574
0.3922176306866755, 0.0067618332081141996, N, 0.9473684210526315, 7198
0.3922176306866755, 0.006759294029290274, N, 0.9473684210526315, 6222
0.3922176306866755, 0.006756756756756757, N, 0.9473684210526315, 8070
0.3922176306866755, 0.00675422138836773, N, 0.9473684210526315, 334
0.3914783017505413, 0.006751687921980495, N, 0.9473684210526315, 2504
0.3914783017505413, 0.006749156355455568, N, 0.9473684210526315, 10427
0.3914783017505413, 0.006746626686656672, N, 0.9473684210526315, 6354
0.3914783017505413, 0.0067440989134507304, N, 0.9473684210526315, 10570
0.3914783017505413, 0.006741573033707865, N, 0.9473684210526315, 4783
0.3914783017505413, 0.0067390490453013855, N, 0.9473684210526315, 318
0.3914783017505413, 0.006736526946107785, N, 0.9473684210526315, 4723
0.3914783017505413, 0.006734006734006734, N, 0.9473684210526315, 5399
0.3914783017505413, 0.006731488406881077, N, 0.9473684210526315, 8768
0.3914783017505413, 0.0067289719626168224, N, 0.9473684210526315, 5400
0.39073897281440717, 0.006726457399103139, N, 0.9473684210526315, 6380
0.39073897281440717, 0.006723944714232349, N, 0.9473684210526315, 2528
0.39073897281440717, 0.006721433905899925, N, 0.9473684210526315, 5719
0.39073897281440717, 0.006718924972004479, N, 0.9473684210526315, 10290
0.38999964387827296, 0.006716417910447761, N, 0.9473684210526315, 4123
0.38740225701384023, 0.006713912719134651, N, 0.9473684210526315, 6794
0.38740225701384023, 0.006711409395973154, N, 0.9473684210526315, 9726
0.386662928077706, 0.006708907938874394, N, 0.9473684210526315, 1370
0.386662928077706, 0.0067064083457526085, N, 0.9473684210526315, 6909
0.386662928077706, 0.0067039106145251395, N, 0.9473684210526315, 10261
0.386662928077706, 0.006701414743112435, N, 0.9473684210526315, 4135
0.386662928077706, 0.006698920729438035, N, 0.9473684210526315, 10172
0.386662928077706, 0.006696428571428571, N, 0.9473684210526315, 3506
0.3859235991415719, 0.00669393826701376, N, 0.9473684210526315, 632
0.3859235991415719, 0.006691449814126394, N, 0.9473684210526315, 5044
0.3859235991415719, 0.006688963210702341, N, 0.9473684210526315, 5193
0.3859235991415719, 0.006686478454680535, N, 0.9473684210526315, 698
0.3859235991415719, 0.006683995544002971, N, 0.9473684210526315, 795
0.3859235991415719, 0.0066815144766146995, N, 0.9473684210526315, 6932
0.3859235991415719, 0.006679035250463822, N, 0.9473684210526315, 4283
0.3859235991415719, 0.0066765578635014835, N, 0.9473684210526315, 9029
0.3859235991415719, 0.006674082313681869, N, 0.9473684210526315, 5435
0.3859235991415719, 0.006671608598962194, N, 0.9473684210526315, 7498
0.3859235991415719, 0.006669136717302705, N, 0.9473684210526315, 5476
0.3859235991415719, 0.006666666666666667, N, 0.9473684210526315, 8281
0.3859235991415719, 0.006664198445020363, N, 0.9473684210526315, 2239
0.3859235991415719, 0.006661732050333087, N, 0.9473684210526315, 8106
0.3859235991415719, 0.006659267480577136, N, 0.9473684210526315, 8190
0.3859235991415719, 0.006656804733727811, N, 0.9473684210526315, 7474
0.3851842702054377, 0.006654343807763401, N, 0.9473684210526315, 6952
0.3851842702054377, 0.0066518847006651885, N, 0.9473684210526315, 11408
0.3851842702054377, 0.0066494274104174364, N, 0.9473684210526315, 8943
0.3851842702054377, 0.0066469719350073855, N, 0.9473684210526315, 2121
0.3851842702054377, 0.006644518272425249, N, 0.9473684210526315, 109
0.3851842702054377, 0.006642066420664207, N, 0.9473684210526315, 4842
0.3851842702054377, 0.0066396163777203985, N, 0.9473684210526315, 7514
0.3851842702054377, 0.00663716814159292, N, 0.9473684210526315, 11146
0.3851842702054377, 0.006634721710283818, N, 0.9473684210526315, 5996
0.3851842702054377, 0.006632277081798084, N, 0.9473684210526315, 7454
0.3851842702054377, 0.0066298342541436465, N, 0.9473684210526315, 7701
0.3851842702054377, 0.0066273932253313695, N, 0.9473684210526315, 10072
0.3851842702054377, 0.006624953993375046, N, 0.9473684210526315, 4808
0.3851842702054377, 0.006622516556291391, N, 0.9473684210526315, 9963
0.3851842702054377, 0.0066200809121000365, N, 0.9473684210526315, 4836
0.3851842702054377, 0.006617647058823529, N, 0.9473684210526315, 7131
0.3844449412693035, 0.006615214994487321, N, 0.9473684210526315, 2380
0.3844449412693035, 0.006612784717119765, N, 0.9473684210526315, 3777
0.3844449412693035, 0.006610356224752111, N, 0.9473684210526315, 2386
0.3844449412693035, 0.006607929515418502, N, 0.9473684210526315, 10966
0.3844449412693035, 0.0066055045871559635, N, 0.9473684210526315, 90
0.3844449412693035, 0.006603081438004402, N, 0.9473684210526315, 8159
0.3844449412693035, 0.006600660066006601, N, 0.9473684210526315, 6986
0.3844449412693035, 0.006598240469208211, N, 0.9473684210526315, 8335
0.3844449412693035, 0.00659582264565775, N, 0.9473684210526315, 11088
0.3844449412693035, 0.006593406593406593, N, 0.9473684210526315, 4981
0.3844449412693035, 0.006590992310508971, N, 0.9473684210526315, 7413
0.38370561233316935, 0.006588579795021962, N, 0.9473684210526315, 11277
0.38370561233316935, 0.006586169045005488, N, 0.9473684210526315, 5994
0.38370561233316935, 0.006583760058522311, N, 0.9473684210526315, 4346
0.38370561233316935, 0.006581352833638025, N, 0.9473684210526315, 1423
0.38370561233316935, 0.006578947368421052, N, 0.9473684210526315, 5363
0.3829662833970352, 0.006576543660942638, N, 0.9473684210526315, 6850
0.3829662833970352, 0.006574141709276844, N, 0.9473684210526315, 8546
0.3829662833970352, 0.0065717415115005475, N, 0.9473684210526315, 9892
0.3829662833970352, 0.006569343065693431, N, 0.9473684210526315, 8313
0.3829662833970352, 0.006566946369937978, N, 0.9473684210526315, 9729
0.37962956759646826, 0.006564551422319475, N, 0.9473684210526315, 7089
0.37962956759646826, 0.006562158220925993, N, 0.9473684210526315, 6769
0.37962956759646826, 0.006559766763848397, N, 0.9473684210526315, 7149
0.37962956759646826, 0.006557377049180328, N, 0.9473684210526315, 9808
0.37962956759646826, 0.0065549890750182084, N, 0.9473684210526315, 6341
0.3788902386603341, 0.006552602839461231, N, 0.9473684210526315, 3900
0.3788902386603341, 0.006550218340611353, N, 0.9473684210526315, 2773
0.3788902386603341, 0.0065478355765733, N, 0.9473684210526315, 6021
0.3788902386603341, 0.006545454545454545, N, 0.9473684210526315, 6826
0.3788902386603341, 0.006543075245365322, N, 0.9473684210526315, 6585
0.3788902386603341, 0.006540697674418605, N, 0.9473684210526315, 1795
0.3788902386603341, 0.006538321830730113, N, 0.9473684210526315, 4541
0.3788902386603341, 0.006535947712418301, N, 0.9473684210526315, 7418
0.3788902386603341, 0.006533575317604356, N, 0.9473684210526315, 9743
0.3788902386603341, 0.006531204644412192, N, 0.9473684210526315, 6834
0.3788902386603341, 0.006528835690968444, N, 0.9473684210526315, 2911
0.3788902386603341, 0.006526468455402465, N, 0.9473684210526315, 2893
0.3788902386603341, 0.006524102935846321, N, 0.9473684210526315, 366
0.3788902386603341, 0.006521739130434782, N, 0.9473684210526315, 7325
0.3788902386603341, 0.0065193770373053244, N, 0.9473684210526315, 3821
0.3788902386603341, 0.0065170166545981175, N, 0.9473684210526315, 7951
0.3788902386603341, 0.006514657980456026, N, 0.9473684210526315, 5256
0.3788902386603341, 0.006512301013024602, N, 0.9473684210526315, 2271
0.3788902386603341, 0.0065099457504520794, N, 0.9473684210526315, 9039
0.3788902386603341, 0.006507592190889371, N, 0.9473684210526315, 1663
0.3788902386603341, 0.006505240332490061, N, 0.9473684210526315, 668
0.3788902386603341, 0.006502890173410405, N, 0.9473684210526315, 8932
0.3788902386603341, 0.0065005417118093175, N, 0.9473684210526315, 24
0.37815090972419996, 0.006498194945848376, N, 0.9473684210526315, 7328
0.37815090972419996, 0.006495849873691808, N, 0.9473684210526315, 10800
0.37815090972419996, 0.006493506493506494, N, 0.9473684210526315, 6562
0.37815090972419996, 0.006491164803461955, N, 0.9473684210526315, 3026
0.37815090972419996, 0.006488824801730353, N, 0.9473684210526315, 5632
0.37815090972419996, 0.006486486486486486, N, 0.9473684210526315, 8232
0.37815090972419996, 0.006484149855907781, N, 0.9473684210526315, 8391
0.37815090972419996, 0.006481814908174289, N, 0.9473684210526315, 8457
0.37815090972419996, 0.0064794816414686825, N, 0.9473684210526315, 3212
0.37815090972419996, 0.006477150053976251, N, 0.9473684210526315, 9898
0.37815090972419996, 0.006474820143884892, N, 0.9473684210526315, 9267
0.37815090972419996, 0.006472491909385114, N, 0.9473684210526315, 8986
0.37815090972419996, 0.006470165348670022, N, 0.9473684210526315, 785
0.37815090972419996, 0.0064678404599353215, N, 0.9473684210526315, 6586
0.37815090972419996, 0.00646551724137931, N, 0.9473684210526315, 3116
0.37815090972419996, 0.006463195691202872, N, 0.9473684210526315, 6526
0.37815090972419996, 0.006460875807609476, N, 0.9473684210526315, 7698
0.37815090972419996, 0.006458557588805167, N, 0.9473684210526315, 10747
0.37815090972419996, 0.006456241032998565, N, 0.9473684210526315, 8553
0.37815090972419996, 0.006453926138400861, N, 0.9473684210526315, 2265
0.37815090972419996, 0.0064516129032258064, N, 0.9473684210526315, 8269
0.37815090972419996, 0.006449301325689717, N, 0.9473684210526315, 9506
0.37815090972419996, 0.0064469914040114614, N, 0.9473684210526315, 3297
0.37815090972419996, 0.00644468313641246, N, 0.9473684210526315, 6653
0.37815090972419996, 0.006442376521116679, N, 0.9473684210526315, 1422
0.37815090972419996, 0.0064400715563506265, N, 0.9473684210526315, 8564
0.37815090972419996, 0.006437768240343348, N, 0.9473684210526315, 7921
0.37815090972419996, 0.006435466571326421, N, 0.9473684210526315, 8384
0.37815090972419996, 0.006433166547533953, N, 0.9473684210526315, 617
0.37815090972419996, 0.006430868167202572, N, 0.9473684210526315, 3823
0.37815090972419996, 0.0064285714285714285, N, 0.9473684210526315, 9587
0.37815090972419996, 0.006426276329882185, N, 0.9473684210526315, 11127
0.37815090972419996, 0.006423982869379015, N, 0.9473684210526315, 5977
0.37815090972419996, 0.006421691045308598, N, 0.9473684210526315, 11064
0.37741158078806575, 0.006419400855920114, N, 0.9473684210526315, 752
0.37741158078806575, 0.006417112299465241, N, 0.9473684210526315, 5622
0.37741158078806575, 0.006414825374198147, N, 0.9473684210526315, 6458
0.37741158078806575, 0.00641254007837549, N, 0.9473684210526315, 6539
0.37741158078806575, 0.00641025641025641, N, 0.9473684210526315, 1614
0.37741158078806575, 0.006407974368102528, N, 0.9473684210526315, 8863
0.37741158078806575, 0.006405693950177936, N, 0.9473684210526315, 77
0.37741158078806575, 0.0064034151547491995, N, 0.9473684210526315, 3532
0.37741158078806575, 0.006401137980085348, N, 0.9473684210526315, 8626
0.37741158078806575, 0.006398862424457874, N, 0.9473684210526315, 8785
0.37741158078806575, 0.006396588486140725, N, 0.9473684210526315, 11042
0.37741158078806575, 0.006394316163410302, N, 0.9473684210526315, 5049
0.37741158078806575, 0.006392045454545455, N, 0.9473684210526315, 8612
0.37741158078806575, 0.006389776357827476, N, 0.9473684210526315, 3455
0.37741158078806575, 0.0063875088715401, N, 0.9473684210526315, 3707
0.37741158078806575, 0.006385242993969493, N, 0.9473684210526315, 5954
0.37741158078806575, 0.006382978723404255, N, 0.9473684210526315, 320
0.37741158078806575, 0.006380716058135413, N, 0.9473684210526315, 10283
0.37741158078806575, 0.0063784549964564135, N, 0.9473684210526315, 5397
0.37741158078806575, 0.006376195536663124, N, 0.9473684210526315, 4667
0.37741158078806575, 0.006373937677053824, N, 0.9473684210526315, 10419
0.37741158078806575, 0.006371681415929204, N, 0.9473684210526315, 10716
0.37741158078806575, 0.006369426751592357, N, 0.9473684210526315, 3585
0.3766722518519316, 0.006367173682348779, N, 0.9473684210526315, 2864
0.3766722518519316, 0.006364922206506365, N, 0.9473684210526315, 8411
0.3766722518519316, 0.006362672322375398, N, 0.9473684210526315, 8997
0.3766722518519316, 0.0063604240282685515, N, 0.9473684210526315, 6965
0.3766722518519316, 0.006358177322500883, N, 0.9473684210526315, 3794
0.3766722518519316, 0.006355932203389831, N, 0.9473684210526315, 6575
0.3759329229157974, 0.0063536886692552065, N, 0.9473684210526315, 9816
0.3759329229157974, 0.006351446718419196, N, 0.9473684210526315, 8437
0.3759329229157974, 0.006349206349206349, N, 0.9473684210526315, 8519
0.3759329229157974, 0.006346967559943582, N, 0.9473684210526315, 5863
0.3759329229157974, 0.00634473034896017, N, 0.9473684210526315, 4768
0.3725962071152305, 0.006342494714587738, N, 0.9473684210526315, 10994
0.3725962071152305, 0.0063402606551602675, N, 0.9473684210526315, 11227
0.3725962071152305, 0.006338028169014085, N, 0.9473684210526315, 2719
0.3725962071152305, 0.006335797254487857, N, 0.9473684210526315, 4503
0.37185687817909635, 0.0063335679099225895, N, 0.9473684210526315, 6954
0.37185687817909635, 0.006331340133661625, N, 0.9473684210526315, 7139
0.37185687817909635, 0.006329113924050633, N, 0.9473684210526315, 141
0.37185687817909635, 0.00632688927943761, N, 0.9473684210526315, 7695
0.37185687817909635, 0.006324666198172874, N, 0.9473684210526315, 3224
0.37185687817909635, 0.006322444678609062, N, 0.9473684210526315, 7999
0.37185687817909635, 0.006320224719101123, N, 0.9473684210526315, 6927
0.37185687817909635, 0.006318006318006318, N, 0.9473684210526315, 1996
0.37111754924296214, 0.00631578947368421, N, 0.9473684210526315, 7086
0.37111754924296214, 0.006313574184496668, N, 0.9473684210526315, 5042
0.37111754924296214, 0.006311360448807854, N, 0.9473684210526315, 5759
0.37111754924296214, 0.006309148264984227, N, 0.9473684210526315, 9139
0.37111754924296214, 0.006306937631394534, N, 0.9473684210526315, 7091
0.37111754924296214, 0.006304728546409807, N, 0.9473684210526315, 912
0.37111754924296214, 0.0063025210084033615, N, 0.9473684210526315, 4543
0.37111754924296214, 0.006300315015750788, N, 0.9473684210526315, 9140
0.37111754924296214, 0.006298110566829951, N, 0.9473684210526315, 2711
0.37111754924296214, 0.0062959076600209865, N, 0.9473684210526315, 8959
0.37111754924296214, 0.006293706293706294, N, 0.9473684210526315, 4788
0.37111754924296214, 0.006291506466270535, N, 0.9473684210526315, 7095
0.37111754924296214, 0.006289308176100629, N, 0.9473684210526315, 10026
0.37111754924296214, 0.0062871114215857496, N, 0.9473684210526315, 7324
0.37111754924296214, 0.006284916201117319, N, 0.9473684210526315, 3140
0.37111754924296214, 0.0062827225130890054, N, 0.9473684210526315, 8759
0.37111754924296214, 0.00628053035589672, N, 0.9473684210526315, 8243
0.37111754924296214, 0.006278339727938612, N, 0.9473684210526315, 7431
0.37111754924296214, 0.006276150627615063, N, 0.9473684210526315, 3431
0.37111754924296214, 0.006273963053328686, N, 0.9473684210526315, 4287
0.37111754924296214, 0.0062717770034843206, N, 0.9473684210526315, 8796
0.37111754924296214, 0.006269592476489028, N, 0.9473684210526315, 9035
0.37111754924296214, 0.006267409470752089, N, 0.9473684210526315, 1402
0.37111754924296214, 0.006265227984684998, N, 0.9473684210526315, 7953
0.37111754924296214, 0.006263048016701462, N, 0.9473684210526315, 9865
0.37111754924296214, 0.006260869565217392, N, 0.9473684210526315, 7739
0.37111754924296214, 0.006258692628650904, N, 0.9473684210526315, 10244
0.37111754924296214, 0.006256517205422315, N, 0.9473684210526315, 10669
0.370378220306828, 0.006254343293954135, N, 0.9473684210526315, 7841
0.370378220306828, 0.006252170892671066, N, 0.9473684210526315, 9923
0.370378220306828, 0.00625, N, 0.9473684210526315, 10009
0.370378220306828, 0.006247830614370011, N, 0.9473684210526315, 7689
0.370378220306828, 0.006245662734212352, N, 0.9473684210526315, 5366
0.370378220306828, 0.006243496357960458, N, 0.9473684210526315, 5451
0.370378220306828, 0.0062413314840499305, N, 0.9473684210526315, 1105
0.370378220306828, 0.006239168110918544, N, 0.9473684210526315, 1503
0.370378220306828, 0.006237006237006237, N, 0.9473684210526315, 2401
0.370378220306828, 0.006234845860755109, N, 0.9473684210526315, 6296
0.370378220306828, 0.006232686980609419, N, 0.9473684210526315, 10011
0.370378220306828, 0.006230529595015576, N, 0.9473684210526315, 3087
0.370378220306828, 0.006228373702422145, N, 0.9473684210526315, 5262
0.370378220306828, 0.006226219301279834, N, 0.9473684210526315, 8906
0.370378220306828, 0.006224066390041493, N, 0.9473684210526315, 5561
0.370378220306828, 0.006221914967162115, N, 0.9473684210526315, 7906
0.370378220306828, 0.006219765031098825, N, 0.9473684210526315, 1175
0.370378220306828, 0.0062176165803108805, N, 0.9473684210526315, 4824
0.370378220306828, 0.006215469613259668, N, 0.9473684210526315, 5951
0.370378220306828, 0.006213324128408699, N, 0.9473684210526315, 11160
0.370378220306828, 0.006211180124223602, N, 0.9473684210526315, 381
0.370378220306828, 0.006209037599172128, N, 0.9473684210526315, 6496
0.370378220306828, 0.006206896551724138, N, 0.9473684210526315, 8449
0.370378220306828, 0.0062047569803516025, N, 0.9473684210526315, 2237
0.370378220306828, 0.006202618883528601, N, 0.9473684210526315, 6450
0.370378220306828, 0.006200482259731312, N, 0.9473684210526315, 10239
0.370378220306828, 0.006198347107438017, N, 0.9473684210526315, 4480
0.370378220306828, 0.006196213425129088, N, 0.9473684210526315, 9291
0.370378220306828, 0.006194081211286993, N, 0.9473684210526315, 7688
0.36963889137069383, 0.006191950464396285, N, 0.9473684210526315, 10552
0.36963889137069383, 0.006189821182943604, N, 0.9473684210526315, 26
0.36963889137069383, 0.006187693365417669, N, 0.9473684210526315, 11036
0.36963889137069383, 0.006185567010309278, N, 0.9473684210526315, 11
0.36963889137069383, 0.006183442116111302, N, 0.9473684210526315, 5779
0.36963889137069383, 0.006181318681318681, N, 0.9473684210526315, 4219
0.36963889137069383, 0.006179196704428424, N, 0.9473684210526315, 4002
0.36963889137069383, 0.0061770761839396015, N, 0.9473684210526315, 8327
0.36963889137069383, 0.0061749571183533445, N, 0.9473684210526315, 3782
0.36963889137069383, 0.006172839506172839, N, 0.9473684210526315, 8878
0.36963889137069383, 0.0061707233459033254, N, 0.9473684210526315, 1027
0.36963889137069383, 0.00616860863605209, N, 0.9473684210526315, 4320
0.36963889137069383, 0.006166495375128468, N, 0.9473684210526315, 5095
0.36963889137069383, 0.0061643835616438354, N, 0.9473684210526315, 8444
0.36963889137069383, 0.0061622731941116055, N, 0.9473684210526315, 4922
0.36963889137069383, 0.006160164271047228, N, 0.9473684210526315, 7200
0.36963889137069383, 0.006158056790968184, N, 0.9473684210526315, 7644
0.36963889137069383, 0.006155950752393981, N, 0.9473684210526315, 1147
0.3688995624345596, 0.006153846153846154, N, 0.9473684210526315, 4165
0.3688995624345596, 0.006151742993848257, N, 0.9473684210526315, 1626
0.3688995624345596, 0.0061496412709258624, N, 0.9473684210526315, 9783
0.3681602334984255, 0.006147540983606557, N, 0.9473684210526315, 6386
0.3681602334984255, 0.006145442130419939, N, 0.9473684210526315, 9243
0.36556284663399274, 0.0061433447098976105, N, 0.9473684210526315, 8704
0.36556284663399274, 0.006141248720573183, N, 0.9473684210526315, 7222
0.36556284663399274, 0.006139154160982265, N, 0.9473684210526315, 8999
0.36556284663399274, 0.006137061029662462, N, 0.9473684210526315, 6950
0.3648235176978586, 0.006134969325153374, N, 0.9473684210526315, 6124
0.3648235176978586, 0.006132879045996593, N, 0.9473684210526315, 5292
0.3648235176978586, 0.006130790190735695, N, 0.9473684210526315, 1297
0.3648235176978586, 0.006128702757916241, N, 0.9473684210526315, 6246
0.3648235176978586, 0.006126616746085773, N, 0.9473684210526315, 7592
0.3648235176978586, 0.006124532153793808, N, 0.9473684210526315, 9302
0.3648235176978586, 0.006122448979591836, N, 0.9473684210526315, 2294
0.3648235176978586, 0.006120367222033322, N, 0.9473684210526315, 7253
0.3648235176978586, 0.006118286879673691, N, 0.9473684210526315, 9311
0.3648235176978586, 0.0061162079510703364, N, 0.9473684210526315, 2892
0.3648235176978586, 0.006114130434782609, N, 0.9473684210526315, 3234
0.3648235176978586, 0.006112054329371817, N, 0.9473684210526315, 1803
0.3648235176978586, 0.006109979633401222, N, 0.9473684210526315, 2809
0.3648235176978586, 0.006107906345436036, N, 0.9473684210526315, 7306
0.3648235176978586, 0.006105834464043419, N, 0.9473684210526315, 6091
0.3648235176978586, 0.006103763987792472, N, 0.9473684210526315, 2098
0.3640841887617244, 0.006101694915254237, N, 0.9473684210526315, 10734
0.3640841887617244, 0.006099627245001694, N, 0.9473684210526315, 6671
0.3640841887617244, 0.006097560975609756, N, 0.9473684210526315, 8625
0.3640841887617244, 0.0060954961056552655, N, 0.9473684210526315, 7170
0.3640841887617244, 0.006093432633716994, N, 0.9473684210526315, 3090
0.3640841887617244, 0.006091370558375634, N, 0.9473684210526315, 3276
0.3640841887617244, 0.006089309878213802, N, 0.9473684210526315, 3914
0.3640841887617244, 0.00608725059181603, N, 0.9473684210526315, 9825
0.3640841887617244, 0.006085192697768763, N, 0.9473684210526315, 6566
0.3640841887617244, 0.006083136194660358, N, 0.9473684210526315, 2479
0.3640841887617244, 0.006081081081081081, N, 0.9473684210526315, 8100
0.3640841887617244, 0.0060790273556231, N, 0.9473684210526315, 7266
0.3640841887617244, 0.006076975016880486, N, 0.9473684210526315, 7355
0.3640841887617244, 0.006074924063449207, N, 0.9473684210526315, 7455
0.3640841887617244, 0.006072874493927126, N, 0.9473684210526315, 8752
0.3640841887617244, 0.0060708263069139965, N, 0.9473684210526315, 10070
0.3640841887617244, 0.006068779501011463, N, 0.9473684210526315, 5376
0.3640841887617244, 0.006066734074823054, N, 0.9473684210526315, 7913
0.3640841887617244, 0.006064690026954178, N, 0.9473684210526315, 8007
0.3640841887617244, 0.006062647356012125, N, 0.9473684210526315, 5933
0.3640841887617244, 0.006060606060606061, N, 0.9473684210526315, 8879
0.3640841887617244, 0.006058566139347021, N, 0.9473684210526315, 6086
0.3640841887617244, 0.006056527590847914, N, 0.9473684210526315, 159
0.3640841887617244, 0.006054490413723511, N, 0.9473684210526315, 11400
0.3640841887617244, 0.00605245460659045, N, 0.9473684210526315, 7019
0.3640841887617244, 0.006050420168067227, N, 0.9473684210526315, 7101
0.3640841887617244, 0.006048387096774193, N, 0.9473684210526315, 7308
0.3640841887617244, 0.006046355391333557, N, 0.9473684210526315, 5792
0.36334485982559017, 0.006044325050369375, N, 0.9473684210526315, 6641
0.36334485982559017, 0.006042296072507553, N, 0.9473684210526315, 7475
0.36334485982559017, 0.006040268456375839, N, 0.9473684210526315, 9129
0.36334485982559017, 0.0060382422006038244, N, 0.9473684210526315, 670
0.36334485982559017, 0.006036217303822937, N, 0.9473684210526315, 1435
0.36334485982559017, 0.006034193764666443, N, 0.9473684210526315, 2004
0.36334485982559017, 0.006032171581769437, N, 0.9473684210526315, 6825
0.36334485982559017, 0.006030150753768844, N, 0.9473684210526315, 7166
0.36334485982559017, 0.006028131279303416, N, 0.9473684210526315, 9926
0.36334485982559017, 0.006026113157013726, N, 0.9473684210526315, 5486
0.36334485982559017, 0.006024096385542169, N, 0.9473684210526315, 9471
0.36334485982559017, 0.006022080963532954, N, 0.9473684210526315, 10839
0.36334485982559017, 0.006020066889632107, N, 0.9473684210526315, 4455
0.36334485982559017, 0.006018054162487462, N, 0.9473684210526315, 7030
0.36334485982559017, 0.006016042780748663, N, 0.9473684210526315, 8233
0.36334485982559017, 0.006014032743067156, N, 0.9473684210526315, 559
0.36334485982559017, 0.006012024048096192, N, 0.9473684210526315, 9951
0.36334485982559017, 0.006010016694490818, N, 0.9473684210526315, 3094
0.36334485982559017, 0.006008010680907877, N, 0.9473684210526315, 6717
0.36334485982559017, 0.006006006006006006, N, 0.9473684210526315, 9780
0.36334485982559017, 0.00600400266844563, N, 0.9473684210526315, 10165
0.36334485982559017, 0.006002000666888963, N, 0.9473684210526315, 1188
0.36334485982559017, 0.006, N, 0.9473684210526315, 1543
0.36334485982559017, 0.005998000666444518, N, 0.9473684210526315, 8240
0.36334485982559017, 0.005996002664890073, N, 0.9473684210526315, 8661
0.36334485982559017, 0.005994005994005994, N, 0.9473684210526315, 9888
0.36334485982559017, 0.005992010652463382, N, 0.9473684210526315, 7320
0.36334485982559017, 0.005990016638935108, N, 0.9473684210526315, 9352
0.36334485982559017, 0.005988023952095809, N, 0.9473684210526315, 5006
0.36334485982559017, 0.005986032590621883, N, 0.9473684210526315, 2110
0.36334485982559017, 0.005984042553191489, N, 0.9473684210526315, 4851
0.36334485982559017, 0.005982053838484547, N, 0.9473684210526315, 9325
0.36334485982559017, 0.005980066445182724, N, 0.9473684210526315, 9001
0.36334485982559017, 0.005978080371969445, N, 0.9473684210526315, 11250
0.36334485982559017, 0.00597609561752988, N, 0.9473684210526315, 99
0.36334485982559017, 0.005974112180550946, N, 0.9473684210526315, 1561
0.36334485982559017, 0.005972130059721301, N, 0.9473684210526315, 11255
0.36334485982559017, 0.005970149253731343, N, 0.9473684210526315, 4200
0.36334485982559017, 0.005968169761273209, N, 0.9473684210526315, 1406
0.36334485982559017, 0.005966191581040769, N, 0.9473684210526315, 3311
0.36334485982559017, 0.005964214711729622, N, 0.9473684210526315, 9811
0.36334485982559017, 0.0059622391520370984, N, 0.9473684210526315, 1102
0.3626055308894561, 0.005960264900662252, N, 0.9473684210526315, 7312
0.3626055308894561, 0.005958291956305859, N, 0.9473684210526315, 10395
0.3626055308894561, 0.005956320317670417, N, 0.9473684210526315, 9774
0.3626055308894561, 0.005954349983460139, N, 0.9473684210526315, 905
0.3626055308894561, 0.005952380952380952, N, 0.9473684210526315, 1671
0.3626055308894561, 0.0059504132231404955, N, 0.9473684210526315, 8265
0.3626055308894561, 0.005948446794448116, N, 0.9473684210526315, 9900
0.3626055308894561, 0.005946481665014866, N, 0.9473684210526315, 5081
0.3626055308894561, 0.0059445178335535, N, 0.9473684210526315, 6564
0.3626055308894561, 0.005942555298778475, N, 0.9473684210526315, 8512
0.3626055308894561, 0.005940594059405941, N, 0.9473684210526315, 84
0.3626055308894561, 0.0059386341141537445, N, 0.9473684210526315, 1303
0.3626055308894561, 0.005936675461741424, N, 0.9473684210526315, 5334
0.3626055308894561, 0.005934718100890208, N, 0.9473684210526315, 691
0.3626055308894561, 0.005932762030323006, N, 0.9473684210526315, 5371
0.3626055308894561, 0.005930807248764415, N, 0.9473684210526315, 6833
0.3626055308894561, 0.005928853754940711, N, 0.9473684210526315, 8046
0.3626055308894561, 0.005926901547579849, N, 0.9473684210526315, 8441
0.3626055308894561, 0.005924950625411455, N, 0.9473684210526315, 9479
0.3626055308894561, 0.005923000987166831, N, 0.9473684210526315, 6359
0.3626055308894561, 0.0059210526315789476, N, 0.9473684210526315, 4498
0.3626055308894561, 0.00591910555738244, N, 0.9473684210526315, 2037
0.3626055308894561, 0.005917159763313609, N, 0.9473684210526315, 6254
0.3626055308894561, 0.005915215248110417, N, 0.9473684210526315, 9148
0.3626055308894561, 0.005913272010512484, N, 0.9473684210526315, 4063
0.3626055308894561, 0.005911330049261084, N, 0.9473684210526315, 2913
0.3626055308894561, 0.005909389363099146, N, 0.9473684210526315, 577
0.3626055308894561, 0.00590744995077125, N, 0.9473684210526315, 11049
0.3626055308894561, 0.005905511811023622, N, 0.9473684210526315, 2112
0.3626055308894561, 0.005903574942604133, N, 0.9473684210526315, 9750
0.3626055308894561, 0.005901639344262295, N, 0.9473684210526315, 8533
0.3626055308894561, 0.0058997050147492625, N, 0.9473684210526315, 4078
0.3626055308894561, 0.005897771952817824, N, 0.9473684210526315, 4504
0.3626055308894561, 0.005895840157222404, N, 0.9473684210526315, 6175
0.3626055308894561, 0.005893909626719057, N, 0.9473684210526315, 3154
0.36186620195332186, 0.005891980360065467, N, 0.9473684210526315, 8196
0.36186620195332186, 0.0058900523560209425, N, 0.9473684210526315, 10297
0.36186620195332186, 0.005888125613346418, N, 0.9473684210526315, 3568
0.36186620195332186, 0.005886200130804447, N, 0.9473684210526315, 4970
0.36186620195332186, 0.005884275907159202, N, 0.9473684210526315, 8911
0.36186620195332186, 0.0058823529411764705, N, 0.9473684210526315, 9032
0.36186620195332186, 0.005880431231623653, N, 0.9473684210526315, 11084
0.36186620195332186, 0.005878510777269758, N, 0.9473684210526315, 8536
0.36186620195332186, 0.005876591576885406, N, 0.9473684210526315, 5215
0.36186620195332186, 0.00587467362924282, N, 0.9473684210526315, 5775
0.3611268730171877, 0.005872756933115824, N, 0.9473684210526315, 7931
0.3611268730171877, 0.005870841487279843, N, 0.9473684210526315, 7049
0.3611268730171877, 0.0058689272905119005, N, 0.9473684210526315, 3923
0.35779015721662083, 0.005867014341590613, N, 0.9473684210526315, 5673
0.35779015721662083, 0.005865102639296188, N, 0.9473684210526315, 8185
0.35779015721662083, 0.005863192182410423, N, 0.9473684210526315, 5580
0.35779015721662083, 0.005861282969716704, N, 0.9473684210526315, 7705
0.35779015721662083, 0.005859375, N, 0.9473684210526315, 7307
0.3570508282804866, 0.00585746827204686, N, 0.9473684210526315, 2057
0.3570508282804866, 0.005855562784645413, N, 0.9473684210526315, 868
0.3570508282804866, 0.005853658536585366, N, 0.9473684210526315, 11188
0.3570508282804866, 0.005851755526657998, N, 0.9473684210526315, 979
0.3570508282804866, 0.005849853753656159, N, 0.9473684210526315, 10741
0.3570508282804866, 0.005847953216374269, N, 0.9473684210526315, 1634
0.3570508282804866, 0.005846053913608314, N, 0.9473684210526315, 4829
0.3570508282804866, 0.005844155844155844, N, 0.9473684210526315, 2995
0.3570508282804866, 0.005842259006815969, N, 0.9473684210526315, 9287
0.3570508282804866, 0.005840363400389357, N, 0.9473684210526315, 2856
0.3570508282804866, 0.005838469023678235, N, 0.9473684210526315, 11056
0.3570508282804866, 0.005836575875486381, N, 0.9473684210526315, 5771
0.3570508282804866, 0.005834683954619124, N, 0.9473684210526315, 6239
0.3570508282804866, 0.005832793259883344, N, 0.9473684210526315, 2859
0.3570508282804866, 0.0058309037900874635, N, 0.9473684210526315, 5791
0.3570508282804866, 0.005829015544041451, N, 0.9473684210526315, 6902
0.3570508282804866, 0.005827128520556815, N, 0.9473684210526315, 10422
0.3570508282804866, 0.005825242718446602, N, 0.9473684210526315, 4034
0.3570508282804866, 0.005823358136525397, N, 0.9473684210526315, 8687
0.3563114993443524, 0.005821474773609315, N, 0.9473684210526315, 1530
0.3563114993443524, 0.005819592628516004, N, 0.9473684210526315, 1576
0.3563114993443524, 0.005817711700064641, N, 0.9473684210526315, 757
0.3563114993443524, 0.005815831987075929, N, 0.9473684210526315, 7870
0.3563114993443524, 0.005813953488372093, N, 0.9473684210526315, 8904
0.3563114993443524, 0.005812076202776881, N, 0.9473684210526315, 3357
0.3563114993443524, 0.005810200129115558, N, 0.9473684210526315, 1251
0.3563114993443524, 0.005808325266214908, N, 0.9473684210526315, 6734
0.3563114993443524, 0.005806451612903226, N, 0.9473684210526315, 1413
0.3563114993443524, 0.005804579168010319, N, 0.9473684210526315, 8346
0.3563114993443524, 0.005802707930367505, N, 0.9473684210526315, 11357
0.3563114993443524, 0.005800837898807605, N, 0.9473684210526315, 5598
0.3563114993443524, 0.005798969072164949, N, 0.9473684210526315, 5917
0.3563114993443524, 0.005797101449275362, N, 0.9473684210526315, 7001
0.3563114993443524, 0.005795235028976175, N, 0.9473684210526315, 7657
0.3563114993443524, 0.005793369810106212, N, 0.9473684210526315, 9931
0.3563114993443524, 0.005791505791505791, N, 0.9473684210526315, 3454
0.3563114993443524, 0.005789642972016726, N, 0.9473684210526315, 4568
0.3563114993443524, 0.005787781350482315, N, 0.9473684210526315, 5780
0.3563114993443524, 0.0057859209257473485, N, 0.9473684210526315, 7828
0.3563114993443524, 0.005784061696658098, N, 0.9473684210526315, 1515
0.3563114993443524, 0.0057822036620623195, N, 0.9473684210526315, 8373
0.3563114993443524, 0.005780346820809248, N, 0.9473684210526315, 648
0.3563114993443524, 0.005778491171749599, N, 0.9473684210526315, 11232
0.3563114993443524, 0.005776636713735558, N, 0.9473684210526315, 4911
0.3563114993443524, 0.005774783445620789, N, 0.9473684210526315, 6252
0.3563114993443524, 0.005772931366260423, N, 0.9473684210526315, 6978
0.3563114993443524, 0.005771080474511061, N, 0.9473684210526315, 4441
0.3563114993443524, 0.0057692307692307696, N, 0.9473684210526315, 5500
0.3563114993443524, 0.005767382249279077, N, 0.9473684210526315, 7353
0.3563114993443524, 0.005765534913516977, N, 0.9473684210526315, 6052
0.3563114993443524, 0.005763688760806916, N, 0.9473684210526315, 10786
0.3563114993443524, 0.005761843790012804, N, 0.9473684210526315, 7833
0.3563114993443524, 0.00576, N, 0.9473684210526315, 8593
0.3563114993443524, 0.005758157389635317, N, 0.9473684210526315, 4101
0.3563114993443524, 0.005756315957787016, N, 0.9473684210526315, 916
0.3563114993443524, 0.005754475703324808, N, 0.9473684210526315, 1677
0.3563114993443524, 0.005752636625119847, N, 0.9473684210526315, 6447
0.3563114993443524, 0.005750798722044728, N, 0.9473684210526315, 7972
0.3563114993443524, 0.005748961992973491, N, 0.9473684210526315, 425
0.3563114993443524, 0.005747126436781609, N, 0.9473684210526315, 10575
0.3563114993443524, 0.005745292052345995, N, 0.9473684210526315, 11239
0.3563114993443524, 0.00574345883854499, N, 0.9473684210526315, 2082
0.3563114993443524, 0.005741626794258373, N, 0.9473684210526315, 6056
0.3563114993443524, 0.005739795918367347, N, 0.9473684210526315, 1400
0.3563114993443524, 0.0057379662097545425, N, 0.9473684210526315, 10584
0.3563114993443524, 0.0057361376673040155, N, 0.9473684210526315, 3577
0.3563114993443524, 0.005734310289901242, N, 0.9473684210526315, 2397
0.3563114993443524, 0.005732484076433121, N, 0.9473684210526315, 8452
0.3563114993443524, 0.0057306590257879654, N, 0.9473684210526315, 664
0.3563114993443524, 0.005728835136855506, N, 0.9473684210526315, 10868
0.3563114993443524, 0.005727012408526885, N, 0.9473684210526315, 1701
0.3563114993443524, 0.0057251908396946565, N, 0.9473684210526315, 6886
0.3563114993443524, 0.005723370429252782, N, 0.9473684210526315, 429
0.3563114993443524, 0.00572155117609663, N, 0.9473684210526315, 4669
0.3563114993443524, 0.005719733079122974, N, 0.9473684210526315, 6397
0.3563114993443524, 0.005717916137229987, N, 0.9473684210526315, 493
0.3563114993443524, 0.0057161003493172435, N, 0.9473684210526315, 2762
0.3563114993443524, 0.005714285714285714, N, 0.9473684210526315, 7051
0.3563114993443524, 0.005712472231037766, N, 0.9473684210526315, 446
0.3563114993443524, 0.005710659898477157, N, 0.9473684210526315, 4428
0.35557217040821826, 0.005708848715509039, N, 0.9473684210526315, 1407
0.35557217040821826, 0.0057070386810399495, N, 0.9473684210526315, 7028
0.35557217040821826, 0.005705229793977813, N, 0.9473684210526315, 10361
0.35557217040821826, 0.005703422053231939, N, 0.9473684210526315, 8509
0.35557217040821826, 0.005701615457713019, N, 0.9473684210526315, 552
0.35557217040821826, 0.005699810006333122, N, 0.9473684210526315, 1220
0.35557217040821826, 0.005698005698005698, N, 0.9473684210526315, 1716
0.35557217040821826, 0.00569620253164557, N, 0.9473684210526315, 3662
0.35557217040821826, 0.005694400506168934, N, 0.9473684210526315, 5385
0.35557217040821826, 0.0056925996204933585, N, 0.9473684210526315, 7692
0.35557217040821826, 0.00569079987353778, N, 0.9473684210526315, 11138
0.35557217040821826, 0.005689001264222503, N, 0.9473684210526315, 5872
0.35557217040821826, 0.005687203791469194, N, 0.9473684210526315, 9853
0.35557217040821826, 0.005685407454200884, N, 0.9473684210526315, 5112
0.35557217040821826, 0.005683612251341964, N, 0.9473684210526315, 601
0.35557217040821826, 0.005681818181818182, N, 0.9473684210526315, 7453
0.35557217040821826, 0.005680025244556642, N, 0.9473684210526315, 8467
0.35557217040821826, 0.0056782334384858045, N, 0.9473684210526315, 1070
0.35557217040821826, 0.005676442762535478, N, 0.9473684210526315, 5570
0.35557217040821826, 0.005674653215636823, N, 0.9473684210526315, 6737
0.35557217040821826, 0.005672864796722345, N, 0.9473684210526315, 3132
0.35557217040821826, 0.005671077504725898, N, 0.9473684210526315, 7732
0.35557217040821826, 0.005669291338582677, N, 0.9473684210526315, 10526
0.35557217040821826, 0.005667506297229219, N, 0.9473684210526315, 10234
0.35557217040821826, 0.0056657223796034, N, 0.9473684210526315, 2533
0.35557217040821826, 0.005663939584644431, N, 0.9473684210526315, 10418
0.35557217040821826, 0.005662157911292859, N, 0.9473684210526315, 5097
0.35557217040821826, 0.005660377358490566, N, 0.9473684210526315, 7180
0.35557217040821826, 0.005658597925180761, N, 0.9473684210526315, 10086
0.35557217040821826, 0.0056568196103079825, N, 0.9473684210526315, 5509
0.35557217040821826, 0.005655042412818096, N, 0.9473684210526315, 10455
0.35557217040821826, 0.005653266331658292, N, 0.9473684210526315, 3076
0.35557217040821826, 0.00565149136577708, N, 0.9473684210526315, 4555
0.35557217040821826, 0.005649717514124294, N, 0.9473684210526315, 279
0.35557217040821826, 0.005647944775651083, N, 0.9473684210526315, 3023
0.35557217040821826, 0.0056461731493099125, N, 0.9473684210526315, 9945
0.35557217040821826, 0.005644402634054563, N, 0.9473684210526315, 3745
0.3548328414720841, 0.005642633228840125, N, 0.9473684210526315, 2935
0.3548328414720841, 0.005640864932623002, N, 0.9473684210526315, 5778
0.3548328414720841, 0.005639097744360902, N, 0.9473684210526315, 6796
0.3548328414720841, 0.005637331663012841, N, 0.9473684210526315, 4685
0.3548328414720841, 0.005635566687539136, N, 0.9473684210526315, 2067
0.3548328414720841, 0.005633802816901409, N, 0.9473684210526315, 3570
0.3548328414720841, 0.005632040050062578, N, 0.9473684210526315, 10139
0.3548328414720841, 0.005630278385986863, N, 0.9473684210526315, 3724
0.3548328414720841, 0.005628517823639775, N, 0.9473684210526315, 10140
0.3548328414720841, 0.005626758361988122, N, 0.9473684210526315, 5728
0.3548328414720841, 0.005625, N, 0.9473684210526315, 7401
0.35409351253594995, 0.005623242736644799, N, 0.9473684210526315, 8197
0.35409351253594995, 0.005621486570893191, N, 0.9473684210526315, 9928
0.35409351253594995, 0.00561973150171714, N, 0.9473684210526315, 8637
0.35335418359981574, 0.0056179775280898875, N, 0.9473684210526315, 6174
0.35149612567151717, 0.005616224648985959, N, 0.9473684210526315, 5855
0.35001746779924886, 0.0056144728633811605, N, 0.9473684210526315, 4612
0.35001746779924886, 0.005612722170252572, N, 0.9473684210526315, 7414
0.35001746779924886, 0.005610972568578554, N, 0.9473684210526315, 7103
0.35001746779924886, 0.005609224057338735, N, 0.9473684210526315, 253
0.35001746779924886, 0.005607476635514018, N, 0.9473684210526315, 3089
0.35001746779924886, 0.005605730302086578, N, 0.9473684210526315, 7947
0.35001746779924886, 0.00560398505603985, N, 0.9473684210526315, 8614
0.35001746779924886, 0.0056022408963585435, N, 0.9473684210526315, 6531
0.35001746779924886, 0.005600497822028625, N, 0.9473684210526315, 6194
0.35001746779924886, 0.005598755832037325, N, 0.9473684210526315, 9127
0.34927813886311465, 0.005597014925373134, N, 0.9473684210526315, 2901
0.34927813886311465, 0.005595275101025801, N, 0.9473684210526315, 11132
0.34927813886311465, 0.005593536357986327, N, 0.9473684210526315, 4677
0.34927813886311465, 0.005591798695246971, N, 0.9473684210526315, 3443
0.34927813886311465, 0.0055900621118012426, N, 0.9473684210526315, 3565
0.34927813886311465, 0.005588326606643899, N, 0.9473684210526315, 10615
0.34927813886311465, 0.00558659217877095, N, 0.9473684210526315, 4838
0.34927813886311465, 0.005584858827179647, N, 0.9473684210526315, 6606
0.34927813886311465, 0.005583126550868486, N, 0.9473684210526315, 9521
0.34927813886311465, 0.005581395348837209, N, 0.9473684210526315, 3264
0.34927813886311465, 0.005579665220086794, N, 0.9473684210526315, 3849
0.34927813886311465, 0.005577936163619461, N, 0.9473684210526315, 941
0.34927813886311465, 0.0055762081784386614, N, 0.9473684210526315, 5154
0.34927813886311465, 0.005574481263549086, N, 0.9473684210526315, 6073
0.34927813886311465, 0.005572755417956657, N, 0.9473684210526315, 4460
0.34927813886311465, 0.005571030640668524, N, 0.9473684210526315, 9719
0.34927813886311465, 0.005569306930693069, N, 0.9473684210526315, 567
0.34927813886311465, 0.005567584287039901, N, 0.9473684210526315, 50
0.34927813886311465, 0.0055658627087198514, N, 0.9473684210526315, 2790
0.34927813886311465, 0.0055641421947449764, N, 0.9473684210526315, 3705
0.34927813886311465, 0.005562422744128554, N, 0.9473684210526315, 7674
0.34927813886311465, 0.005560704355885079, N, 0.9473684210526315, 4628
0.34927813886311465, 0.005558987029030266, N, 0.9473684210526315, 5205
0.34927813886311465, 0.005557270762581044, N, 0.9473684210526315, 2483
0.34927813886311465, 0.005555555555555556, N, 0.9473684210526315, 4469
0.34927813886311465, 0.005553841406973156, N, 0.9473684210526315, 9200
0.34927813886311465, 0.005552128315854411, N, 0.9473684210526315, 7524
0.34927813886311465, 0.005550416281221091, N, 0.9473684210526315, 154
0.34927813886311465, 0.005548705302096177, N, 0.9473684210526315, 10030
0.34927813886311465, 0.005546995377503852, N, 0.9473684210526315, 4420
0.34927813886311465, 0.005545286506469501, N, 0.9473684210526315, 1367
0.34927813886311465, 0.00554357868801971, N, 0.9473684210526315, 6475
0.34927813886311465, 0.005541871921182266, N, 0.9473684210526315, 9088
0.34927813886311465, 0.00554016620498615, N, 0.9473684210526315, 5617
0.34927813886311465, 0.005538461538461538, N, 0.9473684210526315, 9428
0.34927813886311465, 0.005536757920639803, N, 0.9473684210526315, 1744
0.34927813886311465, 0.005535055350553505, N, 0.9473684210526315, 11177
0.3485388099269805, 0.005533353827236397, N, 0.9473684210526315, 8366
0.3485388099269805, 0.005531653349723417, N, 0.9473684210526315, 336
0.3485388099269805, 0.005529953917050691, N, 0.9473684210526315, 5746
0.3485388099269805, 0.005528255528255528, N, 0.9473684210526315, 9018
0.3485388099269805, 0.00552655818237642, N, 0.9473684210526315, 9263
0.3485388099269805, 0.0055248618784530384, N, 0.9473684210526315, 6045
0.3485388099269805, 0.005523166615526235, N, 0.9473684210526315, 9495
0.3485388099269805, 0.005521472392638037, N, 0.9473684210526315, 9047
0.3485388099269805, 0.005519779208831647, N, 0.9473684210526315, 6299
0.3485388099269805, 0.005518087063151441, N, 0.9473684210526315, 4434
0.3485388099269805, 0.0055163959546429666, N, 0.9473684210526315, 4862
0.3485388099269805, 0.0055147058823529415, N, 0.9473684210526315, 8741
0.3485388099269805, 0.005513016845329249, N, 0.9473684210526315, 1538
0.3485388099269805, 0.005511328842620943, N, 0.9473684210526315, 7033
0.3485388099269805, 0.005509641873278237, N, 0.9473684210526315, 10887
0.3485388099269805, 0.0055079559363525096, N, 0.9473684210526315, 5565
0.3485388099269805, 0.005506271030896299, N, 0.9473684210526315, 5877
0.3485388099269805, 0.005504587155963303, N, 0.9473684210526315, 6804
0.3485388099269805, 0.005502904310608377, N, 0.9473684210526315, 7515
0.3485388099269805, 0.005501222493887531, N, 0.9473684210526315, 9742
0.3485388099269805, 0.005499541704857928, N, 0.9473684210526315, 4098
0.3485388099269805, 0.005497861942577886, N, 0.9473684210526315, 4622
0.3485388099269805, 0.00549618320610687, N, 0.9473684210526315, 8064
0.3485388099269805, 0.005494505494505495, N, 0.9473684210526315, 9499
0.3485388099269805, 0.00549282880683552, N, 0.9473684210526315, 11045
0.3485388099269805, 0.005491153142159854, N, 0.9473684210526315, 4755
0.3485388099269805, 0.0054894784995425435, N, 0.9473684210526315, 10275
0.3485388099269805, 0.00548780487804878, N, 0.9473684210526315, 3878
0.3485388099269805, 0.005486132276744895, N, 0.9473684210526315, 9314
0.3485388099269805, 0.005484460694698354, N, 0.9473684210526315, 1390
0.3485388099269805, 0.005482790130977765, N, 0.9473684210526315, 11004
0.3485388099269805, 0.0054811205846528625, N, 0.9473684210526315, 4761
0.3485388099269805, 0.005479452054794521, N, 0.9473684210526315, 6719
0.3485388099269805, 0.005477784540474742, N, 0.9473684210526315, 7227
0.3485388099269805, 0.005476118040766657, N, 0.9473684210526315, 325
0.3485388099269805, 0.005474452554744526, N, 0.9473684210526315, 11329
0.3485388099269805, 0.005472788081483734, N, 0.9473684210526315, 9558
0.3485388099269805, 0.00547112462006079, N, 0.9473684210526315, 9112
0.3485388099269805, 0.0054694621695533276, N, 0.9473684210526315, 921
0.3485388099269805, 0.0054678007290400975, N, 0.9473684210526315, 11016
0.3485388099269805, 0.005466140297600972, N, 0.9473684210526315, 2114
0.3485388099269805, 0.00546448087431694, N, 0.9473684210526315, 7535
0.3485388099269805, 0.005462822458270106, N, 0.9473684210526315, 9762
0.3485388099269805, 0.0054611650485436895, N, 0.9473684210526315, 4696
0.3485388099269805, 0.00545950864422202, N, 0.9473684210526315, 1208
0.3485388099269805, 0.005457853244390539, N, 0.9473684210526315, 4018
0.3485388099269805, 0.005456198848135798, N, 0.9473684210526315, 3106
0.3485388099269805, 0.005454545454545455, N, 0.9473684210526315, 3387
0.3485388099269805, 0.00545289306270827, N, 0.9473684210526315, 9489
0.3485388099269805, 0.005451241671714113, N, 0.9473684210526315, 1810
0.3485388099269805, 0.005449591280653951, N, 0.9473684210526315, 11129
0.3485388099269805, 0.005447941888619854, N, 0.9473684210526315, 6065
0.3485388099269805, 0.005446293494704993, N, 0.9473684210526315, 8481
0.3485388099269805, 0.0054446460980036296, N, 0.9473684210526315, 3799
0.3485388099269805, 0.005442999697611128, N, 0.9473684210526315, 4676
0.3477994809908463, 0.005441354292623942, N, 0.9473684210526315, 8602
0.3477994809908463, 0.005439709882139619, N, 0.9473684210526315, 11404
0.3477994809908463, 0.005438066465256798, N, 0.9473684210526315, 4035
0.3477994809908463, 0.005436424041075204, N, 0.9473684210526315, 9183
0.3477994809908463, 0.005434782608695652, N, 0.9473684210526315, 5916
0.3477994809908463, 0.005433142167220043, N, 0.9473684210526315, 9337
0.3477994809908463, 0.005431502715751358, N, 0.9473684210526315, 1790
0.3477994809908463, 0.005429864253393665, N, 0.9473684210526315, 7851
0.3477994809908463, 0.005428226779252111, N, 0.9473684210526315, 8869
0.3477994809908463, 0.005426590292432921, N, 0.9473684210526315, 9472
0.3477994809908463, 0.0054249547920434, N, 0.9473684210526315, 8417
0.3477994809908463, 0.005423320277191925, N, 0.9473684210526315, 5918
0.3477994809908463, 0.005421686746987952, N, 0.9473684210526315, 6678
0.3477994809908463, 0.005420054200542005, N, 0.9473684210526315, 8177
0.3477994809908463, 0.005418422636965683, N, 0.9473684210526315, 10168
0.3477994809908463, 0.005416792055371652, N, 0.9473684210526315, 6388
0.3477994809908463, 0.005415162454873646, N, 0.9473684210526315, 8423
0.3477994809908463, 0.005413533834586466, N, 0.9473684210526315, 10977
0.3477994809908463, 0.005411906193625977, N, 0.9473684210526315, 4802
0.3477994809908463, 0.005410279531109108, N, 0.9473684210526315, 5609
0.3477994809908463, 0.005408653846153846, N, 0.9473684210526315, 1680
0.3477994809908463, 0.0054070291378792434, N, 0.9473684210526315, 7118
0.3477994809908463, 0.005405405405405406, N, 0.9473684210526315, 9618
0.3477994809908463, 0.005403782647853498, N, 0.9473684210526315, 1144
0.3477994809908463, 0.005402160864345739, N, 0.9473684210526315, 1776
0.3477994809908463, 0.0054005400540054005, N, 0.9473684210526315, 3511
0.3477994809908463, 0.005398920215956809, N, 0.9473684210526315, 9259
0.3477994809908463, 0.005397301349325337, N, 0.9473684210526315, 8288
0.3477994809908463, 0.00539568345323741, N, 0.9473684210526315, 160
0.3477994809908463, 0.005394066526820497, N, 0.9473684210526315, 4607
0.3477994809908463, 0.005392450569203115, N, 0.9473684210526315, 5512
0.3477994809908463, 0.005390835579514825, N, 0.9473684210526315, 6887
0.3470601520547122, 0.005389221556886228, N, 0.9473684210526315, 2506
0.3470601520547122, 0.005387608500448967, N, 0.9473684210526315, 3115
0.3470601520547122, 0.005385996409335727, N, 0.9473684210526315, 5335
0.3470601520547122, 0.0053843852826802275, N, 0.9473684210526315, 5781
0.3470601520547122, 0.005382775119617225, N, 0.9473684210526315, 2144
0.3470601520547122, 0.0053811659192825115, N, 0.9473684210526315, 2952
0.3470601520547122, 0.005379557680812911, N, 0.9473684210526315, 4171
0.3470601520547122, 0.00537795040334628, N, 0.9473684210526315, 2152
0.3470601520547122, 0.005376344086021506, N, 0.9473684210526315, 8619
0.3470601520547122, 0.005374738727978501, N, 0.9473684210526315, 11119
0.3470601520547122, 0.005373134328358209, N, 0.9473684210526315, 7305
0.3470601520547122, 0.005371530886302597, N, 0.9473684210526315, 5287
0.3470601520547122, 0.0053699284009546535, N, 0.9473684210526315, 3328
0.3468331792131273, 0.0053683268714583956, N, 0.9473684210526315, 6897
0.34372343625414525, 0.005366726296958855, N, 0.9473684210526315, 9803
0.34298410731801104, 0.005365126676602086, N, 0.9473684210526315, 5231
0.34298410731801104, 0.005363528009535161, N, 0.9473684210526315, 935
0.34298410731801104, 0.005361930294906166, N, 0.9473684210526315, 4658
0.34298410731801104, 0.005360333531864205, N, 0.9473684210526315, 5037
0.3422447783818769, 0.005358737719559393, N, 0.9473684210526315, 75
0.3422447783818769, 0.005357142857142857, N, 0.9473684210526315, 10200
0.3422447783818769, 0.005355548943766736, N, 0.9473684210526315, 5146
0.3422447783818769, 0.005353955978584176, N, 0.9473684210526315, 6642
0.3422447783818769, 0.0053523639607493305, N, 0.9473684210526315, 3978
0.3422447783818769, 0.00535077288941736, N, 0.9473684210526315, 6514
0.3422447783818769, 0.005349182763744428, N, 0.9473684210526315, 6280
0.3422447783818769, 0.0053475935828877, N, 0.9473684210526315, 6612
0.3422447783818769, 0.005346005346005346, N, 0.9473684210526315, 4782
0.3422447783818769, 0.005344418052256532, N, 0.9473684210526315, 6646
0.3422447783818769, 0.005342831700801425, N, 0.9473684210526315, 3177
0.3422447783818769, 0.005341246290801187, N, 0.9473684210526315, 4998
0.3422447783818769, 0.005339661821417977, N, 0.9473684210526315, 7597
0.3422447783818769, 0.005338078291814947, N, 0.9473684210526315, 10128
0.3422447783818769, 0.005336495701156241, N, 0.9473684210526315, 10804
0.3422447783818769, 0.005334914048606995, N, 0.9473684210526315, 8745
0.3422447783818769, 0.005333333333333333, N, 0.9473684210526315, 5002
0.3422447783818769, 0.00533175355450237, N, 0.9473684210526315, 7911
0.3422447783818769, 0.005330174711282203, N, 0.9473684210526315, 8099
0.3422447783818769, 0.0053285968028419185, N, 0.9473684210526315, 7256
0.3422447783818769, 0.005327019828351583, N, 0.9473684210526315, 1026
0.3422447783818769, 0.0053254437869822485, N, 0.9473684210526315, 2630
0.3422447783818769, 0.005323868677905945, N, 0.9473684210526315, 9143
0.3422447783818769, 0.005322294500295683, N, 0.9473684210526315, 2109
0.3422447783818769, 0.0053207212533254505, N, 0.9473684210526315, 607
0.3422447783818769, 0.005319148936170213, N, 0.9473684210526315, 1126
0.3422447783818769, 0.005317577548005908, N, 0.9473684210526315, 529
0.3422447783818769, 0.005316007088009451, N, 0.9473684210526315, 734
0.3422447783818769, 0.005314437555358724, N, 0.9473684210526315, 9354
0.3422447783818769, 0.005312868949232586, N, 0.9473684210526315, 11163
0.3422447783818769, 0.005311301268810859, N, 0.9473684210526315, 9784
0.3422447783818769, 0.005309734513274336, N, 0.9473684210526315, 276
0.3422447783818769, 0.005308168681804777, N, 0.9473684210526315, 6659
0.3422447783818769, 0.005306603773584905, N, 0.9473684210526315, 8685
0.3422447783818769, 0.005305039787798408, N, 0.9473684210526315, 9427
0.3422447783818769, 0.005303476723629935, N, 0.9473684210526315, 4451
0.3422447783818769, 0.005301914580265096, N, 0.9473684210526315, 135
0.3422447783818769, 0.00530035335689046, N, 0.9473684210526315, 4956
0.3422447783818769, 0.005298793052693553, N, 0.9473684210526315, 5290
0.34150544944574274, 0.00529723366686286, N, 0.9473684210526315, 10296
0.34150544944574274, 0.00529567519858782, N, 0.9473684210526315, 5944
0.34150544944574274, 0.005294117647058823, N, 0.9473684210526315, 9946
0.34150544944574274, 0.0052925610114672155, N, 0.9473684210526315, 593
0.34150544944574274, 0.005291005291005291, N, 0.9473684210526315, 5187
0.34150544944574274, 0.005289450484866294, N, 0.9473684210526315, 11096
0.34150544944574274, 0.005287896592244419, N, 0.9473684210526315, 4538
0.34150544944574274, 0.0052863436123348016, N, 0.9473684210526315, 5523
0.34150544944574274, 0.005284791544333529, N, 0.9473684210526315, 8782
0.34150544944574274, 0.005283240387437629, N, 0.9473684210526315, 406
0.34150544944574274, 0.00528169014084507, N, 0.9473684210526315, 4938
0.34150544944574274, 0.005280140803754767, N, 0.9473684210526315, 138
0.34150544944574274, 0.005278592375366569, N, 0.9473684210526315, 10248
0.34150544944574274, 0.005277044854881266, N, 0.9473684210526315, 10504
0.34150544944574274, 0.005275498241500586, N, 0.9473684210526315, 10684
0.34150544944574274, 0.00527395253442719, N, 0.9473684210526315, 5293
0.34150544944574274, 0.005272407732864675, N, 0.9473684210526315, 7000
0.34150544944574274, 0.005270863836017569, N, 0.9473684210526315, 2065
0.34150544944574274, 0.005269320843091335, N, 0.9473684210526315, 3314
0.34150544944574274, 0.0052677787532923615, N, 0.9473684210526315, 4264
0.34150544944574274, 0.0052662375658279695, N, 0.9473684210526315, 5835
0.34150544944574274, 0.005264697279906405, N, 0.9473684210526315, 7872
0.34150544944574274, 0.005263157894736842, N, 0.9473684210526315, 9025
0.34150544944574274, 0.005261619409529378, N, 0.9473684210526315, 10780
0.34150544944574274, 0.005260081823495032, N, 0.9473684210526315, 724
0.34150544944574274, 0.0052585451358457495, N, 0.9473684210526315, 1252
0.34150544944574274, 0.005257009345794392, N, 0.9473684210526315, 7751
0.34150544944574274, 0.005255474452554744, N, 0.9473684210526315, 9776
0.34150544944574274, 0.005253940455341506, N, 0.9473684210526315, 1414
0.34150544944574274, 0.005252407353370295, N, 0.9473684210526315, 10844
0.34150544944574274, 0.005250875145857643, N, 0.9473684210526315, 4374
0.34150544944574274, 0.005249343832020997, N, 0.9473684210526315, 942
0.34150544944574274, 0.0052478134110787176, N, 0.9473684210526315, 2843
0.34150544944574274, 0.0052462838822500725, N, 0.9473684210526315, 8174
0.34150544944574274, 0.005244755244755245, N, 0.9473684210526315, 10266
0.34150544944574274, 0.0052432274978153216, N, 0.9473684210526315, 2736
0.34150544944574274, 0.0052417006406523005, N, 0.9473684210526315, 2888
0.34150544944574274, 0.005240174672489083, N, 0.9473684210526315, 9476
0.34150544944574274, 0.005238649592549476, N, 0.9473684210526315, 363
0.34150544944574274, 0.00523712540005819, N, 0.9473684210526315, 11105
0.34150544944574274, 0.005235602094240838, N, 0.9473684210526315, 6358
0.34150544944574274, 0.005234079674323932, N, 0.9473684210526315, 7193
0.34150544944574274, 0.005232558139534884, N, 0.9473684210526315, 8832
0.34150544944574274, 0.0052310374891020054, N, 0.9473684210526315, 9064
0.34150544944574274, 0.005229517722254503, N, 0.9473684210526315, 603
0.34150544944574274, 0.00522799883822248, N, 0.9473684210526315, 1676
0.34150544944574274, 0.005226480836236934, N, 0.9473684210526315, 3186
0.34150544944574274, 0.0052249637155297535, N, 0.9473684210526315, 8790
0.34150544944574274, 0.00522344747533372, N, 0.9473684210526315, 14
0.34150544944574274, 0.005221932114882507, N, 0.9473684210526315, 700
0.34150544944574274, 0.005220417633410673, N, 0.9473684210526315, 8960
0.34150544944574274, 0.005218904030153668, N, 0.9473684210526315, 10136
0.34150544944574274, 0.0052173913043478265, N, 0.9473684210526315, 10282
0.34150544944574274, 0.005215879455230368, N, 0.9473684210526315, 4229
0.34150544944574274, 0.005214368482039398, N, 0.9473684210526315, 6193
0.34150544944574274, 0.005212858384013901, N, 0.9473684210526315, 7008
0.34150544944574274, 0.0052113491603937466, N, 0.9473684210526315, 701
0.34150544944574274, 0.005209840810419681, N, 0.9473684210526315, 6168
0.34150544944574274, 0.005208333333333333, N, 0.9473684210526315, 9675
0.34150544944574274, 0.005206826728377205, N, 0.9473684210526315, 6568
0.34150544944574274, 0.005205320994794679, N, 0.9473684210526315, 530
0.34150544944574274, 0.005203816131830009, N, 0.9473684210526315, 10383
0.34150544944574274, 0.005202312138728324, N, 0.9473684210526315, 6391
0.34150544944574274, 0.005200809014735626, N, 0.9473684210526315, 4668
0.34150544944574274, 0.005199306759098787, N, 0.9473684210526315, 2761
0.34150544944574274, 0.0051978053710655505, N, 0.9473684210526315, 6345
0.34150544944574274, 0.005196304849884526, N, 0.9473684210526315, 9007
0.34150544944574274, 0.005194805194805195, N, 0.9473684210526315, 4835
0.34150544944574274, 0.0051933064050779, N, 0.9473684210526315, 4929
0.34150544944574274, 0.005191808479953851, N, 0.9473684210526315, 6453
0.34150544944574274, 0.005190311418685121, N, 0.9473684210526315, 4579
0.34150544944574274, 0.0051888152205246466, N, 0.9473684210526315, 4954
0.34150544944574274, 0.005187319884726225, N, 0.9473684210526315, 4701
0.34150544944574274, 0.005185825410544511, N, 0.9473684210526315, 5666
0.34150544944574274, 0.005184331797235023, N, 0.9473684210526315, 6240
0.3407661205096085, 0.005182839044054132, N, 0.9473684210526315, 9561
0.3407661205096085, 0.0051813471502590676, N, 0.9473684210526315, 5104
0.3407661205096085, 0.005179856115107914, N, 0.9473684210526315, 8388
0.3407661205096085, 0.005178365937859608, N, 0.9473684210526315, 10778
0.3407661205096085, 0.005176876617773943, N, 0.9473684210526315, 5556
0.3407661205096085, 0.005175388154111558, N, 0.9473684210526315, 7614
0.3407661205096085, 0.005173900546133947, N, 0.9473684210526315, 8982
0.3407661205096085, 0.005172413793103448, N, 0.9473684210526315, 2593
0.3407661205096085, 0.005170927894283252, N, 0.9473684210526315, 5988
0.3407661205096085, 0.005169442848937392, N, 0.9473684210526315, 7564
0.3407661205096085, 0.00516795865633075, N, 0.9473684210526315, 1920
0.3407661205096085, 0.005166475315729047, N, 0.9473684210526315, 3027
0.3407661205096085, 0.005164992826398852, N, 0.9473684210526315, 10203
0.3407661205096085, 0.0051635111876075735, N, 0.9473684210526315, 1334
0.3407661205096085, 0.005162030398623459, N, 0.9473684210526315, 7936
0.3407661205096085, 0.005160550458715597, N, 0.9473684210526315, 6676
0.3407661205096085, 0.005159071367153913, N, 0.9473684210526315, 10313
0.3407661205096085, 0.005157593123209169, N, 0.9473684210526315, 10432
0.3407661205096085, 0.005156115726152965, N, 0.9473684210526315, 10222
0.3407661205096085, 0.005154639175257732, N, 0.9473684210526315, 4659
0.3407661205096085, 0.005153163469796736, N, 0.9473684210526315, 6164
0.3407661205096085, 0.005151688609044075, N, 0.9473684210526315, 1382
0.3407661205096085, 0.005150214592274678, N, 0.9473684210526315, 6192
0.3407661205096085, 0.005148741418764302, N, 0.9473684210526315, 5342
0.3407661205096085, 0.005147269087789534, N, 0.9473684210526315, 7601
0.3407661205096085, 0.005145797598627788, N, 0.9473684210526315, 7912
0.3407661205096085, 0.005144326950557302, N, 0.9473684210526315, 11381
0.3407661205096085, 0.005142857142857143, N, 0.9473684210526315, 1802
0.3407661205096085, 0.005141388174807198, N, 0.9473684210526315, 3819
0.3407661205096085, 0.005139920045688178, N, 0.9473684210526315, 5319
0.3407661205096085, 0.005138452754781616, N, 0.9473684210526315, 2362
0.3407661205096085, 0.005136986301369863, N, 0.9473684210526315, 4242
0.3407661205096085, 0.005135520684736091, N, 0.9473684210526315, 1092
0.3407661205096085, 0.00513405590416429, N, 0.9473684210526315, 1652
0.3407661205096085, 0.0051325919589392645, N, 0.9473684210526315, 5102
0.3407661205096085, 0.005131128848346636, N, 0.9473684210526315, 10388
0.3407661205096085, 0.005129666571672842, N, 0.9473684210526315, 11216
0.3400267915734744, 0.005128205128205128, N, 0.9473684210526315, 9490
0.3400267915734744, 0.005126744517231558, N, 0.9473684210526315, 8
0.3400267915734744, 0.005125284738041002, N, 0.9473684210526315, 4565
0.3400267915734744, 0.005123825789923143, N, 0.9473684210526315, 5413
0.3400267915734744, 0.005122367672168469, N, 0.9473684210526315, 11001
0.3400267915734744, 0.005120910384068279, N, 0.9473684210526315, 4785
0.3400267915734744, 0.005119453924914676, N, 0.9473684210526315, 7038
0.3400267915734744, 0.005117998294000569, N, 0.9473684210526315, 6195
0.3400267915734744, 0.00511654349061967, N, 0.9473684210526315, 10770
0.3400267915734744, 0.005115089514066497, N, 0.9473684210526315, 899
0.3392874626373402, 0.005113636363636364, N, 0.9473684210526315, 1970
0.3392874626373402, 0.005112184038625391, N, 0.9473684210526315, 876
0.3359507468367733, 0.005110732538330494, N, 0.9473684210526315, 4210
0.3359507468367733, 0.00510928186204939, N, 0.9473684210526315, 3277
0.3352114179006391, 0.00510783200908059, N, 0.9473684210526315, 3360
0.3352114179006391, 0.005106382978723404, N, 0.9473684210526315, 10308
0.3352114179006391, 0.005104934770277935, N, 0.9473684210526315, 10431
0.3352114179006391, 0.005103487383045081, N, 0.9473684210526315, 2523
0.3352114179006391, 0.00510204081632653, N, 0.9473684210526315, 87
0.3352114179006391, 0.005100595069424767, N, 0.9473684210526315, 4172
0.3352114179006391, 0.0050991501416430595, N, 0.9473684210526315, 9068
0.3352114179006391, 0.005097706032285472, N, 0.9473684210526315, 6119
0.3352114179006391, 0.005096262740656852, N, 0.9473684210526315, 6142
0.3352114179006391, 0.005094820266062836, N, 0.9473684210526315, 8973
0.3352114179006391, 0.0050933786078098476, N, 0.9473684210526315, 10529
0.3352114179006391, 0.005091937765205092, N, 0.9473684210526315, 10597
0.334472088964505, 0.005090497737556561, N, 0.9473684210526315, 7930
0.334472088964505, 0.005089058524173028, N, 0.9473684210526315, 9466
0.334472088964505, 0.005087620124364048, N, 0.9473684210526315, 11184
0.334472088964505, 0.005086182537439954, N, 0.9473684210526315, 5706
0.334472088964505, 0.005084745762711864, N, 0.9473684210526315, 6479
0.334472088964505, 0.005083309799491669, N, 0.9473684210526315, 7652
0.334472088964505, 0.005081874647092038, N, 0.9473684210526315, 10426
0.334472088964505, 0.005080440304826418, N, 0.9473684210526315, 4896
0.334472088964505, 0.005079006772009029, N, 0.9473684210526315, 5824
0.334472088964505, 0.005077574047954866, N, 0.9473684210526315, 7277
0.334472088964505, 0.005076142131979695, N, 0.9473684210526315, 9948
0.334472088964505, 0.005074711023400056, N, 0.9473684210526315, 4299
0.334472088964505, 0.005073280721533258, N, 0.9473684210526315, 6459
0.334472088964505, 0.00507185122569738, N, 0.9473684210526315, 2455
0.334472088964505, 0.0050704225352112674, N, 0.9473684210526315, 3166
0.334472088964505, 0.005068994649394537, N, 0.9473684210526315, 5749
0.334472088964505, 0.005067567567567568, N, 0.9473684210526315, 11039
0.334472088964505, 0.0050661412890515055, N, 0.9473684210526315, 3483
0.334472088964505, 0.005064715813168261, N, 0.9473684210526315, 1377
0.334472088964505, 0.005063291139240506, N, 0.9473684210526315, 647
0.334472088964505, 0.005061867266591676, N, 0.9473684210526315, 1926
0.334472088964505, 0.005060444194545966, N, 0.9473684210526315, 3701
0.334472088964505, 0.00505902192242833, N, 0.9473684210526315, 3853
0.334472088964505, 0.005057600449564484, N, 0.9473684210526315, 6777
0.334472088964505, 0.0050561797752808986, N, 0.9473684210526315, 6861
0.334472088964505, 0.005054759898904802, N, 0.9473684210526315, 2562
0.334472088964505, 0.0050533408197641775, N, 0.9473684210526315, 13
0.334472088964505, 0.005051922537187763, N, 0.9473684210526315, 1345
0.334472088964505, 0.005050505050505051, N, 0.9473684210526315, 1455
0.334472088964505, 0.005049088359046283, N, 0.9473684210526315, 3374
0.334472088964505, 0.005047672462142457, N, 0.9473684210526315, 9194
0.334472088964505, 0.005046257359125316, N, 0.9473684210526315, 882
0.334472088964505, 0.005044843049327354, N, 0.9473684210526315, 7007
0.334472088964505, 0.0050434295320818156, N, 0.9473684210526315, 9937
0.334472088964505, 0.005042016806722689, N, 0.9473684210526315, 3062
0.334472088964505, 0.00504060487258471, N, 0.9473684210526315, 8468
0.334472088964505, 0.005039193729003359, N, 0.9473684210526315, 9278
0.334472088964505, 0.005037783375314861, N, 0.9473684210526315, 11302
0.334472088964505, 0.005036373810856184, N, 0.9473684210526315, 11210
0.334472088964505, 0.005034965034965035, N, 0.9473684210526315, 9104
0.334472088964505, 0.0050335570469798654, N, 0.9473684210526315, 10330
0.334472088964505, 0.005032149846239866, N, 0.9473684210526315, 4726
0.334472088964505, 0.005030743432084964, N, 0.9473684210526315, 8556
0.334472088964505, 0.005029337803855826, N, 0.9473684210526315, 8712
0.334472088964505, 0.005027932960893855, N, 0.9473684210526315, 9749
0.334472088964505, 0.00502652890254119, N, 0.9473684210526315, 2756
0.334472088964505, 0.005025125628140704, N, 0.9473684210526315, 2657
0.334472088964505, 0.005023723137036003, N, 0.9473684210526315, 5007
0.334472088964505, 0.005022321428571429, N, 0.9473684210526315, 8880
0.334472088964505, 0.00502092050209205, N, 0.9473684210526315, 98
0.334472088964505, 0.0050195203569436695, N, 0.9473684210526315, 1312
0.334472088964505, 0.005018120992472818, N, 0.9473684210526315, 2083
0.334472088964505, 0.005016722408026756, N, 0.9473684210526315, 4015
0.334472088964505, 0.005015324602953469, N, 0.9473684210526315, 9421
0.334472088964505, 0.005013927576601671, N, 0.9473684210526315, 9893
0.334472088964505, 0.005012531328320802, N, 0.9473684210526315, 2541
0.334472088964505, 0.005011135857461025, N, 0.9473684210526315, 3104
0.334472088964505, 0.005009741163373225, N, 0.9473684210526315, 10144
0.334472088964505, 0.005008347245409015, N, 0.9473684210526315, 2580
0.334472088964505, 0.005006954102920723, N, 0.9473684210526315, 10183
0.334472088964505, 0.005005561735261402, N, 0.9473684210526315, 8076
0.334472088964505, 0.0050041701417848205, N, 0.9473684210526315, 2168
0.334472088964505, 0.005002779321845469, N, 0.9473684210526315, 3435
0.334472088964505, 0.005001389274798555, N, 0.9473684210526315, 10776
0.334472088964505, 0.005, N, 0.9473684210526315, 8077
0.334472088964505, 0.004998611496806442, N, 0.9473684210526315, 1368
0.334472088964505, 0.004997223764575236, N, 0.9473684210526315, 2400
0.33373276002837077, 0.004995836802664446, N, 0.9473684210526315, 6295
0.33373276002837077, 0.004994450610432853, N, 0.9473684210526315, 4820
0.33373276002837077, 0.0049930651872399446, N, 0.9473684210526315, 7102
0.33373276002837077, 0.004991680532445923, N, 0.9473684210526315, 10461
0.33373276002837077, 0.0049902966454117, N, 0.9473684210526315, 6890
0.33373276002837077, 0.004988913525498891, N, 0.9473684210526315, 7208
0.33373276002837077, 0.004987531172069825, N, 0.9473684210526315, 453
0.33373276002837077, 0.004986149584487534, N, 0.9473684210526315, 2120
0.33373276002837077, 0.004984768762115757, N, 0.9473684210526315, 3521
0.33373276002837077, 0.0049833887043189366, N, 0.9473684210526315, 3927
0.33373276002837077, 0.00498200941046222, N, 0.9473684210526315, 5595
0.33373276002837077, 0.004980630879911455, N, 0.9473684210526315, 3161
0.33373276002837077, 0.004979253112033195, N, 0.9473684210526315, 676
0.33373276002837077, 0.00497787610619469, N, 0.9473684210526315, 10462
0.33373276002837077, 0.0049764998617638926, N, 0.9473684210526315, 2251
0.33373276002837077, 0.004975124378109453, N, 0.9473684210526315, 3608
0.33373276002837077, 0.004973749654600719, N, 0.9473684210526315, 1511
0.33373276002837077, 0.004972375690607734, N, 0.9473684210526315, 2009
0.33373276002837077, 0.004971002485501243, N, 0.9473684210526315, 9496
0.33373276002837077, 0.004969630038652678, N, 0.9473684210526315, 8122
0.33373276002837077, 0.0049682583494341705, N, 0.9473684210526315, 10161
0.33373276002837077, 0.004966887417218543, N, 0.9473684210526315, 1022
0.33373276002837077, 0.004965517241379311, N, 0.9473684210526315, 11418
0.33373276002837077, 0.004964147821290678, N, 0.9473684210526315, 3041
0.33373276002837077, 0.004962779156327543, N, 0.9473684210526315, 3315
0.33373276002837077, 0.004961411245865491, N, 0.9473684210526315, 4270
0.33373276002837077, 0.004960044089280794, N, 0.9473684210526315, 6956
0.33373276002837077, 0.0049586776859504135, N, 0.9473684210526315, 7883
0.33373276002837077, 0.004957312035251997, N, 0.9473684210526315, 8463
0.33373276002837077, 0.004955947136563877, N, 0.9473684210526315, 8634
0.33373276002837077, 0.00495458298926507, N, 0.9473684210526315, 9880
0.33373276002837077, 0.0049532195927352776, N, 0.9473684210526315, 9953
0.33373276002837077, 0.0049518569463548835, N, 0.9473684210526315, 4313
0.33373276002837077, 0.0049504950495049506, N, 0.9473684210526315, 1540
0.33373276002837077, 0.004949133901567226, N, 0.9473684210526315, 4828
0.33373276002837077, 0.004947773501924134, N, 0.9473684210526315, 10891
0.33373276002837077, 0.00494641384995878, N, 0.9473684210526315, 4407
0.33373276002837077, 0.004945054945054945, N, 0.9473684210526315, 8710
0.33373276002837077, 0.004943696786597089, N, 0.9473684210526315, 4966
0.33373276002837077, 0.004942339373970346, N, 0.9473684210526315, 9103
0.33373276002837077, 0.004940982706560527, N, 0.9473684210526315, 4544
0.33373276002837077, 0.004939626783754116, N, 0.9473684210526315, 5536
0.33373276002837077, 0.0049382716049382715, N, 0.9473684210526315, 6863
0.33373276002837077, 0.004936917169500823, N, 0.9473684210526315, 1826
0.33373276002837077, 0.004935563476830271, N, 0.9473684210526315, 10403
0.33373276002837077, 0.004934210526315789, N, 0.9473684210526315, 9480
0.33373276002837077, 0.004932858317347218, N, 0.9473684210526315, 5538
0.33373276002837077, 0.004931506849315068, N, 0.9473684210526315, 10482
0.33373276002837077, 0.0049301561216105174, N, 0.9473684210526315, 10705
0.33373276002837077, 0.004928806133625411, N, 0.9473684210526315, 11080
0.33373276002837077, 0.004927456884752259, N, 0.9473684210526315, 11211
0.33373276002837077, 0.0049261083743842365, N, 0.9473684210526315, 8792
0.33373276002837077, 0.004924760601915185, N, 0.9473684210526315, 6008
0.33373276002837077, 0.004923413566739606, N, 0.9473684210526315, 9203
0.33373276002837077, 0.004922067268252666, N, 0.9473684210526315, 10709
0.33373276002837077, 0.004920721705850191, N, 0.9473684210526315, 2047
0.33373276002837077, 0.004919376878928669, N, 0.9473684210526315, 3955
0.33373276002837077, 0.004918032786885246, N, 0.9473684210526315, 1560
0.33373276002837077, 0.004916689429117728, N, 0.9473684210526315, 4577
0.33373276002837077, 0.004915346805024577, N, 0.9473684210526315, 1899
0.33373276002837077, 0.004914004914004914, N, 0.9473684210526315, 3686
0.33373276002837077, 0.0049126637554585155, N, 0.9473684210526315, 1807
0.33373276002837077, 0.0049113233287858115, N, 0.9473684210526315, 8407
0.33373276002837077, 0.004909983633387889, N, 0.9473684210526315, 8568
0.33373276002837077, 0.004908644668666485, N, 0.9473684210526315, 10096
0.33373276002837077, 0.004907306434023991, N, 0.9473684210526315, 964
0.33373276002837077, 0.004905968928863451, N, 0.9473684210526315, 2725
0.33373276002837077, 0.004904632152588556, N, 0.9473684210526315, 4325
0.33373276002837077, 0.00490329610460365, N, 0.9473684210526315, 2314
0.33373276002837077, 0.004901960784313725, N, 0.9473684210526315, 5401
0.33373276002837077, 0.004900626191124422, N, 0.9473684210526315, 9789
0.33373276002837077, 0.004899292324442025, N, 0.9473684210526315, 11260
0.33373276002837077, 0.004897959183673469, N, 0.9473684210526315, 5260
0.33373276002837077, 0.004896626768226333, N, 0.9473684210526315, 8571
0.33373276002837077, 0.004895295077508839, N, 0.9473684210526315, 2971
0.33373276002837077, 0.004893964110929853, N, 0.9473684210526315, 3111
0.33373276002837077, 0.004892633867898886, N, 0.9473684210526315, 4084
0.3329934310922366, 0.004891304347826087, N, 0.9473684210526315, 6476
0.3329934310922366, 0.004889975550122249, N, 0.9473684210526315, 10601
0.3329934310922366, 0.004888647474198805, N, 0.9473684210526315, 11065
0.3329934310922366, 0.004887320119467825, N, 0.9473684210526315, 3112
0.3329934310922366, 0.004885993485342019, N, 0.9473684210526315, 3213
0.3329934310922366, 0.004884667571234735, N, 0.9473684210526315, 4438
0.3329934310922366, 0.0048833423765599565, N, 0.9473684210526315, 5603
0.3329934310922366, 0.004882017900732303, N, 0.9473684210526315, 11296
0.3329934310922366, 0.004880694143167028, N, 0.9473684210526315, 2264
0.3329934310922366, 0.004879371103280022, N, 0.9473684210526315, 4945
0.3329934310922366, 0.004878048780487805, N, 0.9473684210526315, 10523
0.3329934310922366, 0.004876727174207532, N, 0.9473684210526315, 2751
0.3329934310922366, 0.004875406283856988, N, 0.9473684210526315, 3322
0.3329934310922366, 0.00487408610885459, N, 0.9473684210526315, 4830
0.3329934310922366, 0.004872766648619383, N, 0.9473684210526315, 202
0.3329934310922366, 0.004871447902571042, N, 0.9473684210526315, 1424
0.3329934310922366, 0.00487012987012987, N, 0.9473684210526315, 11029
0.3329934310922366, 0.004868812550716798, N, 0.9473684210526315, 7987
0.3329934310922366, 0.0048674959437533805, N, 0.9473684210526315, 9640
0.3329934310922366, 0.004866180048661801, N, 0.9473684210526315, 10392
0.3322541021561024, 0.004864864864864865, N, 0.9473684210526315, 10566
0.3322541021561024, 0.004863550391786004, N, 0.9473684210526315, 2991
0.3322541021561024, 0.004862236628849271, N, 0.9473684210526315, 11148
0.3322541021561024, 0.004860923575479341, N, 0.9473684210526315, 9831
0.3281780574194013, 0.004859611231101512, N, 0.9473684210526315, 10617
0.3281780574194013, 0.004858299595141701, N, 0.9473684210526315, 6546
0.3281780574194013, 0.004856988667026443, N, 0.9473684210526315, 9610
0.3281780574194013, 0.0048556784461828975, N, 0.9473684210526315, 6084
0.32743872848326716, 0.0048543689320388345, N, 0.9473684210526315, 3971
0.32743872848326716, 0.004853060124022647, N, 0.9473684210526315, 1215
0.32743872848326716, 0.004851752021563342, N, 0.9473684210526315, 3211
0.32743872848326716, 0.004850444624090542, N, 0.9473684210526315, 3256
0.32743872848326716, 0.004849137931034483, N, 0.9473684210526315, 6014
0.32743872848326716, 0.004847831941826017, N, 0.9473684210526315, 9563
0.32743872848326716, 0.004846526655896607, N, 0.9473684210526315, 1014
0.32743872848326716, 0.004845222072678331, N, 0.9473684210526315, 79
0.32743872848326716, 0.004843918191603875, N, 0.9473684210526315, 9387
0.32743872848326716, 0.004842615012106538, N, 0.9473684210526315, 3775
0.32743872848326716, 0.004841312533620226, N, 0.9473684210526315, 4748
0.32743872848326716, 0.004840010755579457, N, 0.9473684210526315, 6184
0.32743872848326716, 0.004838709677419355, N, 0.9473684210526315, 8201
0.32743872848326716, 0.004837409298575652, N, 0.9473684210526315, 9092
0.32743872848326716, 0.004836109618484685, N, 0.9473684210526315, 1593
0.32743872848326716, 0.004834810636583401, N, 0.9473684210526315, 8955
0.32743872848326716, 0.004833512352309345, N, 0.9473684210526315, 9063
0.32743872848326716, 0.004832214765100671, N, 0.9473684210526315, 457
0.32743872848326716, 0.004830917874396135, N, 0.9473684210526315, 9777
0.32743872848326716, 0.004829621679635095, N, 0.9473684210526315, 3317
0.32743872848326716, 0.004828326180257511, N, 0.9473684210526315, 8239
0.32743872848326716, 0.004827031375703942, N, 0.9473684210526315, 8551
0.32743872848326716, 0.00482573726541555, N, 0.9473684210526315, 9720
0.32743872848326716, 0.004824443848834093, N, 0.9473684210526315, 10643
0.32743872848326716, 0.00482315112540193, N, 0.9473684210526315, 4053
0.32743872848326716, 0.004821859094562015, N, 0.9473684210526315, 5054
0.32743872848326716, 0.0048205677557579, N, 0.9473684210526315, 1071
0.32743872848326716, 0.004819277108433735, N, 0.9473684210526315, 1596
0.32743872848326716, 0.004817987152034261, N, 0.9473684210526315, 6718
0.32743872848326716, 0.004816697886004816, N, 0.9473684210526315, 4595
0.32743872848326716, 0.004815409309791332, N, 0.9473684210526315, 8378
0.32743872848326716, 0.0048141214228403315, N, 0.9473684210526315, 10753
0.32743872848326716, 0.004812834224598931, N, 0.9473684210526315, 7895
0.32743872848326716, 0.0048115477145148355, N, 0.9473684210526315, 947
0.32743872848326716, 0.004810261892036344, N, 0.9473684210526315, 10790
0.32743872848326716, 0.004808976756612343, N, 0.9473684210526315, 9554
0.32743872848326716, 0.004807692307692308, N, 0.9473684210526315, 151
0.32743872848326716, 0.004806408544726302, N, 0.9473684210526315, 7573
0.32743872848326716, 0.004805125467164976, N, 0.9473684210526315, 7399
0.32743872848326716, 0.004803843074459567, N, 0.9473684210526315, 2965
0.32743872848326716, 0.0048025613660619, N, 0.9473684210526315, 6939
0.32743872848326716, 0.00480128034142438, N, 0.9473684210526315, 1194
0.32743872848326716, 0.0048, N, 0.9473684210526315, 5770
0.32743872848326716, 0.004798720341242335, N, 0.9473684210526315, 8161
0.32743872848326716, 0.004797441364605544, N, 0.9473684210526315, 852
0.32743872848326716, 0.004796163069544364, N, 0.9473684210526315, 1607
0.32743872848326716, 0.004794885455514118, N, 0.9473684210526315, 5364
0.32743872848326716, 0.004793608521970706, N, 0.9473684210526315, 11176
0.32743872848326716, 0.004792332268370607, N, 0.9473684210526315, 4081
0.32743872848326716, 0.004791056694170881, N, 0.9473684210526315, 6121
0.32743872848326716, 0.004789781798829164, N, 0.9473684210526315, 8317
0.32743872848326716, 0.004788507581803671, N, 0.9473684210526315, 3478
0.32743872848326716, 0.0047872340425531915, N, 0.9473684210526315, 4294
0.32743872848326716, 0.004785961180537091, N, 0.9473684210526315, 2862
0.326699399547133, 0.004784688995215311, N, 0.9473684210526315, 8430
0.326699399547133, 0.0047834174860483655, N, 0.9473684210526315, 8977
0.326699399547133, 0.004782146652497344, N, 0.9473684210526315, 1669
0.326699399547133, 0.004780876494023904, N, 0.9473684210526315, 11093
0.326699399547133, 0.004779607010090282, N, 0.9473684210526315, 11226
0.326699399547133, 0.004778338200159278, N, 0.9473684210526315, 239
0.326699399547133, 0.004777070063694267, N, 0.9473684210526315, 933
0.326699399547133, 0.004775802600159193, N, 0.9473684210526315, 1812
0.326699399547133, 0.004774535809018567, N, 0.9473684210526315, 11267
0.326699399547133, 0.00477326968973747, N, 0.9473684210526315, 2685
0.326699399547133, 0.004772004241781549, N, 0.9473684210526315, 4331
0.326699399547133, 0.004770739464617015, N, 0.9473684210526315, 4960
0.326699399547133, 0.0047694753577106515, N, 0.9473684210526315, 5384
0.326699399547133, 0.004768211920529801, N, 0.9473684210526315, 2188
0.326699399547133, 0.004766949152542373, N, 0.9473684210526315, 1054
0.326699399547133, 0.004765687053216839, N, 0.9473684210526315, 11134
0.326699399547133, 0.004764425622022234, N, 0.9473684210526315, 4400
0.326699399547133, 0.004763164858428155, N, 0.9473684210526315, 1621
0.326699399547133, 0.004761904761904762, N, 0.9473684210526315, 4780
0.326699399547133, 0.004760645331922771, N, 0.9473684210526315, 6912
0.326699399547133, 0.004759386567953464, N, 0.9473684210526315, 9692
0.326699399547133, 0.004758128469468675, N, 0.9473684210526315, 1017
0.326699399547133, 0.0047568710359408035, N, 0.9473684210526315, 3699
0.326699399547133, 0.0047556142668428005, N, 0.9473684210526315, 8392
0.326699399547133, 0.004754358161648178, N, 0.9473684210526315, 9597
0.326699399547133, 0.004753102719831001, N, 0.9473684210526315, 10371
0.326699399547133, 0.004751847940865892, N, 0.9473684210526315, 8707
0.326699399547133, 0.004750593824228029, N, 0.9473684210526315, 8950
0.326699399547133, 0.00474934036939314, N, 0.9473684210526315, 9526
0.326699399547133, 0.00474808757583751, N, 0.9473684210526315, 11068
0.326699399547133, 0.004746835443037975, N, 0.9473684210526315, 11192
0.326699399547133, 0.004745583970471922, N, 0.9473684210526315, 2559
0.326699399547133, 0.004744333157617291, N, 0.9473684210526315, 2348
0.326699399547133, 0.0047430830039525695, N, 0.9473684210526315, 2780
0.326699399547133, 0.004741833508956797, N, 0.9473684210526315, 8234
0.326699399547133, 0.00474058467210956, N, 0.9473684210526315, 9026
0.326699399547133, 0.004739336492890996, N, 0.9473684210526315, 5799
0.326699399547133, 0.0047380889707817845, N, 0.9473684210526315, 9101
0.326699399547133, 0.004736842105263158, N, 0.9473684210526315, 1675
0.326699399547133, 0.004735595895816891, N, 0.9473684210526315, 2353
0.326699399547133, 0.004734350341925302, N, 0.9473684210526315, 5373
0.326699399547133, 0.00473310544307126, N, 0.9473684210526315, 730
0.326699399547133, 0.00473186119873817, N, 0.9473684210526315, 10130
0.326699399547133, 0.004730617608409987, N, 0.9473684210526315, 2413
0.326699399547133, 0.004729374671571204, N, 0.9473684210526315, 5086
0.326699399547133, 0.004728132387706856, N, 0.9473684210526315, 2355
0.326699399547133, 0.004726890756302521, N, 0.9473684210526315, 2791
0.326699399547133, 0.0047256497768443165, N, 0.9473684210526315, 4006
0.326699399547133, 0.004724409448818898, N, 0.9473684210526315, 4916
0.326699399547133, 0.004723169771713461, N, 0.9473684210526315, 9955
0.326699399547133, 0.00472193074501574, N, 0.9473684210526315, 3634
0.326699399547133, 0.004720692368214005, N, 0.9473684210526315, 2073
0.326699399547133, 0.0047194546407970635, N, 0.9473684210526315, 4629
0.326699399547133, 0.00471821756225426, N, 0.9473684210526315, 7805
0.326699399547133, 0.0047169811320754715, N, 0.9473684210526315, 1848
0.326699399547133, 0.004715745349751114, N, 0.9473684210526315, 65
0.326699399547133, 0.004714510214772132, N, 0.9473684210526315, 2894
0.326699399547133, 0.004713275726630008, N, 0.9473684210526315, 7680
0.326699399547133, 0.004712041884816754, N, 0.9473684210526315, 10860
0.326699399547133, 0.004710808688824915, N, 0.9473684210526315, 5859
0.326699399547133, 0.004709576138147566, N, 0.9473684210526315, 6964
0.326699399547133, 0.004708344232278315, N, 0.9473684210526315, 8471
0.326699399547133, 0.004707112970711297, N, 0.9473684210526315, 851
0.326699399547133, 0.004705882352941176, N, 0.9473684210526315, 4181
0.326699399547133, 0.004704652378463147, N, 0.9473684210526315, 8274
0.326699399547133, 0.004703423046772929, N, 0.9473684210526315, 2759
0.326699399547133, 0.004702194357366771, N, 0.9473684210526315, 3146
0.326699399547133, 0.004700966309741447, N, 0.9473684210526315, 8222
0.326699399547133, 0.004699738903394256, N, 0.9473684210526315, 10337
0.326699399547133, 0.004698512137823023, N, 0.9473684210526315, 10448
0.326699399547133, 0.004697286012526096, N, 0.9473684210526315, 3326
0.326699399547133, 0.004696060527002348, N, 0.9473684210526315, 4631
0.326699399547133, 0.004694835680751174, N, 0.9473684210526315, 332
0.326699399547133, 0.00469361147327249, N, 0.9473684210526315, 492
0.326699399547133, 0.0046923879040667365, N, 0.9473684210526315, 2441
0.326699399547133, 0.004691164972634871, N, 0.9473684210526315, 3151
0.326699399547133, 0.004689942678478374, N, 0.9473684210526315, 7771
0.326699399547133, 0.004688721021099245, N, 0.9473684210526315, 8223
0.326699399547133, 0.0046875, N, 0.9473684210526315, 8797
0.326699399547133, 0.004686279614683676, N, 0.9473684210526315, 1610
0.326699399547133, 0.004685059864653826, N, 0.9473684210526315, 1873
0.326699399547133, 0.00468384074941452, N, 0.9473684210526315, 7327
0.326699399547133, 0.004682622268470343, N, 0.9473684210526315, 9207
0.326699399547133, 0.0046814044213263975, N, 0.9473684210526315, 10992
0.326699399547133, 0.0046801872074883, N, 0.9473684210526315, 6200
0.326699399547133, 0.004678970626462178, N, 0.9473684210526315, 8454
0.326699399547133, 0.004677754677754678, N, 0.9473684210526315, 2249
0.326699399547133, 0.004676539360872954, N, 0.9473684210526315, 2497
0.326699399547133, 0.004675324675324675, N, 0.9473684210526315, 4635
0.326699399547133, 0.004674110620618021, N, 0.9473684210526315, 5866
0.326699399547133, 0.004672897196261682, N, 0.9473684210526315, 2117
0.32596007061099885, 0.004671684401764859, N, 0.9473684210526315, 8775
0.32596007061099885, 0.00467047223663726, N, 0.9473684210526315, 4297
0.32596007061099885, 0.004669260700389105, N, 0.9473684210526315, 4581
0.32596007061099885, 0.00466804979253112, N, 0.9473684210526315, 6243
0.32596007061099885, 0.00466683951257454, N, 0.9473684210526315, 6353
0.32596007061099885, 0.004665629860031105, N, 0.9473684210526315, 2689
0.32596007061099885, 0.00466442083441306, N, 0.9473684210526315, 5597
0.32596007061099885, 0.00466321243523316, N, 0.9473684210526315, 11413
0.32596007061099885, 0.004662004662004662, N, 0.9473684210526315, 1816
0.32596007061099885, 0.004660797514241326, N, 0.9473684210526315, 2701
0.32596007061099885, 0.004659590991457417, N, 0.9473684210526315, 9274
0.32596007061099885, 0.004658385093167702, N, 0.9473684210526315, 3372
0.32596007061099885, 0.004657179818887452, N, 0.9473684210526315, 3614
0.32596007061099885, 0.0046559751681324365, N, 0.9473684210526315, 314
0.32596007061099885, 0.004654771140418929, N, 0.9473684210526315, 2910
0.32596007061099885, 0.004653567735263702, N, 0.9473684210526315, 1226
0.32596007061099885, 0.004652364952184027, N, 0.9473684210526315, 5458
0.32596007061099885, 0.004651162790697674, N, 0.9473684210526315, 4464
0.32596007061099885, 0.004649961250322914, N, 0.9473684210526315, 6685
0.32596007061099885, 0.0046487603305785125, N, 0.9473684210526315, 5573
0.32596007061099885, 0.004647560030983733, N, 0.9473684210526315, 8354
0.32596007061099885, 0.004646360351058337, N, 0.9473684210526315, 8421
0.32596007061099885, 0.00464516129032258, N, 0.9473684210526315, 5923
0.32596007061099885, 0.0046439628482972135, N, 0.9473684210526315, 3468
0.32596007061099885, 0.004642765024503482, N, 0.9473684210526315, 16
0.32596007061099885, 0.0046415678184631255, N, 0.9473684210526315, 10814
0.32596007061099885, 0.004640371229698376, N, 0.9473684210526315, 2301
0.32596007061099885, 0.004639175257731959, N, 0.9473684210526315, 4524
0.32596007061099885, 0.004637979902087091, N, 0.9473684210526315, 6425
0.32596007061099885, 0.00463678516228748, N, 0.9473684210526315, 10332
0.32596007061099885, 0.004635591037857327, N, 0.9473684210526315, 3471
0.32596007061099885, 0.004634397528321318, N, 0.9473684210526315, 4385
0.32596007061099885, 0.004633204633204633, N, 0.9473684210526315, 2269
0.32596007061099885, 0.004632012352032939, N, 0.9473684210526315, 3103
0.32596007061099885, 0.00463082068433239, N, 0.9473684210526315, 8713
0.32596007061099885, 0.004629629629629629, N, 0.9473684210526315, 737
0.32596007061099885, 0.004628439187451787, N, 0.9473684210526315, 9376
0.32596007061099885, 0.004627249357326478, N, 0.9473684210526315, 800
0.32596007061099885, 0.004626060138781804, N, 0.9473684210526315, 5036
0.32596007061099885, 0.0046248715313463515, N, 0.9473684210526315, 8921
0.32596007061099885, 0.0046236835345491905, N, 0.9473684210526315, 22
0.32596007061099885, 0.004622496147919877, N, 0.9473684210526315, 10384
0.32596007061099885, 0.004621309370988447, N, 0.9473684210526315, 7579
0.32596007061099885, 0.004620123203285421, N, 0.9473684210526315, 10037
0.32596007061099885, 0.004618937644341801, N, 0.9473684210526315, 3581
0.32596007061099885, 0.004617752693689072, N, 0.9473684210526315, 6263
0.32596007061099885, 0.004616568350859195, N, 0.9473684210526315, 9160
0.32596007061099885, 0.004615384615384616, N, 0.9473684210526315, 587
0.32596007061099885, 0.004614201486798257, N, 0.9473684210526315, 10721
0.32596007061099885, 0.0046130189646335215, N, 0.9473684210526315, 2051
0.32596007061099885, 0.004611837048424289, N, 0.9473684210526315, 232
0.32596007061099885, 0.004610655737704918, N, 0.9473684210526315, 397
0.32596007061099885, 0.0046094750320102434, N, 0.9473684210526315, 4740
0.32596007061099885, 0.004608294930875576, N, 0.9473684210526315, 6701
0.32596007061099885, 0.004607115433836704, N, 0.9473684210526315, 1492
0.32596007061099885, 0.004605936540429887, N, 0.9473684210526315, 5184
0.32522074167486464, 0.004604758250191865, N, 0.9473684210526315, 2973
0.32522074167486464, 0.004603580562659846, N, 0.9473684210526315, 2069
0.32522074167486464, 0.004602403477371516, N, 0.9473684210526315, 9454
0.32522074167486464, 0.004601226993865031, N, 0.9473684210526315, 8133
0.32522074167486464, 0.004600051111679018, N, 0.9473684210526315, 9462
0.3204053680020294, 0.004598875830352581, N, 0.9473684210526315, 2101
0.3204053680020294, 0.004597701149425287, N, 0.9473684210526315, 2732
0.3204053680020294, 0.004596527068437181, N, 0.9473684210526315, 5633
0.3204053680020294, 0.004595353586928772, N, 0.9473684210526315, 6799
0.3204053680020294, 0.004594180704441042, N, 0.9473684210526315, 506
0.3204053680020294, 0.0045930084205154376, N, 0.9473684210526315, 1335
0.3204053680020294, 0.004591836734693878, N, 0.9473684210526315, 7172
0.3204053680020294, 0.0045906656465187455, N, 0.9473684210526315, 10656
0.3204053680020294, 0.004589495155532891, N, 0.9473684210526315, 2855
0.3204053680020294, 0.004588325261279633, N, 0.9473684210526315, 6624
0.3204053680020294, 0.0045871559633027525, N, 0.9473684210526315, 8962
0.3204053680020294, 0.0045859872611464965, N, 0.9473684210526315, 9581
0.3204053680020294, 0.004584819154355578, N, 0.9473684210526315, 7643
0.3204053680020294, 0.004583651642475172, N, 0.9473684210526315, 4599
0.3204053680020294, 0.004582484725050916, N, 0.9473684210526315, 2096
0.3204053680020294, 0.004581318401628913, N, 0.9473684210526315, 2445
0.3204053680020294, 0.004580152671755725, N, 0.9473684210526315, 10040
0.3204053680020294, 0.004578987534978377, N, 0.9473684210526315, 1613
0.3196660390658952, 0.004577822990844354, N, 0.9473684210526315, 3160
0.3196660390658952, 0.004576659038901602, N, 0.9473684210526315, 8257
0.3196660390658952, 0.004575495678698526, N, 0.9473684210526315, 9518
0.3196660390658952, 0.00457433290978399, N, 0.9473684210526315, 10939
0.3196660390658952, 0.004573170731707317, N, 0.9473684210526315, 1745
0.3196660390658952, 0.004572009144018288, N, 0.9473684210526315, 2731
0.3196660390658952, 0.0045708481462671405, N, 0.9473684210526315, 1166
0.3196660390658952, 0.00456968773800457, N, 0.9473684210526315, 10995
0.3196660390658952, 0.004568527918781726, N, 0.9473684210526315, 1784
0.3196660390658952, 0.004567368688150216, N, 0.9473684210526315, 105
0.3196660390658952, 0.0045662100456621, N, 0.9473684210526315, 722
0.3196660390658952, 0.004565051990869896, N, 0.9473684210526315, 9970
0.3196660390658952, 0.004563894523326572, N, 0.9473684210526315, 1883
0.3196660390658952, 0.0045627376425855515, N, 0.9473684210526315, 4858
0.3196660390658952, 0.00456158134820071, N, 0.9473684210526315, 8434
0.3196660390658952, 0.004560425639726374, N, 0.9473684210526315, 455
0.3196660390658952, 0.004559270516717325, N, 0.9473684210526315, 1110
0.3196660390658952, 0.004558115978728792, N, 0.9473684210526315, 3938
0.3196660390658952, 0.004556962025316456, N, 0.9473684210526315, 6102
0.3196660390658952, 0.004555808656036446, N, 0.9473684210526315, 10057
0.3196660390658952, 0.004554655870445344, N, 0.9473684210526315, 10781
0.3196660390658952, 0.004553503668100177, N, 0.9473684210526315, 11291
0.3196660390658952, 0.004552352048558422, N, 0.9473684210526315, 2262
0.3196660390658952, 0.004551201011378002, N, 0.9473684210526315, 1117
0.3196660390658952, 0.00455005055611729, N, 0.9473684210526315, 2014
0.3196660390658952, 0.004548900682335102, N, 0.9473684210526315, 9854
0.3196660390658952, 0.004547751389590703, N, 0.9473684210526315, 4279
0.3196660390658952, 0.004546602677443799, N, 0.9473684210526315, 6778
0.3196660390658952, 0.004545454545454545, N, 0.9473684210526315, 10063
0.3196660390658952, 0.0045443069931835394, N, 0.9473684210526315, 5273
0.3196660390658952, 0.004543160020191822, N, 0.9473684210526315, 7068
0.3196660390658952, 0.004542013626040878, N, 0.9473684210526315, 8586
0.3196660390658952, 0.004540867810292634, N, 0.9473684210526315, 9542
0.3196660390658952, 0.004539722572509458, N, 0.9473684210526315, 10519
0.3196660390658952, 0.0045385779122541605, N, 0.9473684210526315, 195
0.3196660390658952, 0.004537433829089992, N, 0.9473684210526315, 10855
0.3196660390658952, 0.0045362903225806455, N, 0.9473684210526315, 1940
0.3196660390658952, 0.0045351473922902496, N, 0.9473684210526315, 11233
0.3196660390658952, 0.004534005037783375, N, 0.9473684210526315, 6529
0.3196660390658952, 0.004532863258625032, N, 0.9473684210526315, 569
0.3196660390658952, 0.004531722054380665, N, 0.9473684210526315, 10224
0.3196660390658952, 0.004530581424616159, N, 0.9473684210526315, 10379
0.3196660390658952, 0.004529441368897836, N, 0.9473684210526315, 10480
0.3196660390658952, 0.004528301886792453, N, 0.9473684210526315, 11047
0.3196660390658952, 0.004527162977867203, N, 0.9473684210526315, 9198
0.3196660390658952, 0.004526024641689716, N, 0.9473684210526315, 5501
0.3196660390658952, 0.004524886877828055, N, 0.9473684210526315, 5960
0.3196660390658952, 0.004523749685850716, N, 0.9473684210526315, 7392
0.3196660390658952, 0.004522613065326633, N, 0.9473684210526315, 1479
0.3196660390658952, 0.00452147701582517, N, 0.9473684210526315, 11313
0.3196660390658952, 0.0045203415369161224, N, 0.9473684210526315, 200
0.3196660390658952, 0.0045192066281697215, N, 0.9473684210526315, 7896
0.3196660390658952, 0.004518072289156626, N, 0.9473684210526315, 8915
0.3196660390658952, 0.00451693851944793, N, 0.9473684210526315, 1085
0.3196660390658952, 0.004515805318615153, N, 0.9473684210526315, 9327
0.3196660390658952, 0.004514672686230248, N, 0.9473684210526315, 66
0.3196660390658952, 0.004513540621865597, N, 0.9473684210526315, 996
0.3196660390658952, 0.004512409125094008, N, 0.9473684210526315, 10285
0.3196660390658952, 0.004511278195488722, N, 0.9473684210526315, 11081
0.3196660390658952, 0.0045101478326234025, N, 0.9473684210526315, 3685
0.3196660390658952, 0.0045090180360721445, N, 0.9473684210526315, 7682
0.3196660390658952, 0.004507888805409466, N, 0.9473684210526315, 7766
0.3196660390658952, 0.004506760140210316, N, 0.9473684210526315, 3205
0.3196660390658952, 0.004505632040050063, N, 0.9473684210526315, 5551
0.3196660390658952, 0.0045045045045045045, N, 0.9473684210526315, 428
0.3196660390658952, 0.004503377533149862, N, 0.9473684210526315, 10661
0.3196660390658952, 0.004502251125562781, N, 0.9473684210526315, 3740
0.3196660390658952, 0.00450112528132033, N, 0.9473684210526315, 6722
0.3196660390658952, 0.0045, N, 0.9473684210526315, 1010
0.3196660390658952, 0.004498875281179705, N, 0.9473684210526315, 2585
0.3196660390658952, 0.004497751124437781, N, 0.9473684210526315, 8898
0.3196660390658952, 0.0044966275293529855, N, 0.9473684210526315, 1564
0.3196660390658952, 0.004495504495504496, N, 0.9473684210526315, 2817
0.3196660390658952, 0.0044943820224719105, N, 0.9473684210526315, 4390
0.3196660390658952, 0.0044932601098352475, N, 0.9473684210526315, 7992
0.3196660390658952, 0.004492138757174944, N, 0.9473684210526315, 297
0.3196660390658952, 0.004491017964071856, N, 0.9473684210526315, 10499
0.3189267101297611, 0.004489897730107259, N, 0.9473684210526315, 7646
0.3189267101297611, 0.004488778054862843, N, 0.9473684210526315, 502
0.3189267101297611, 0.004487658937920718, N, 0.9473684210526315, 2592
0.3189267101297611, 0.00448654037886341, N, 0.9473684210526315, 5521
0.3189267101297611, 0.00448542237727386, N, 0.9473684210526315, 6203
0.3189267101297611, 0.004484304932735426, N, 0.9473684210526315, 10042
0.3189267101297611, 0.00448318804483188, N, 0.9473684210526315, 2250
0.3189267101297611, 0.004482071713147411, N, 0.9473684210526315, 3335
0.3189267101297611, 0.004480955937266617, N, 0.9473684210526315, 6071
0.3189267101297611, 0.004479840716774514, N, 0.9473684210526315, 8804
0.3189267101297611, 0.004478726051256532, N, 0.9473684210526315, 975
0.3189267101297611, 0.004477611940298508, N, 0.9473684210526315, 10201
0.3189267101297611, 0.004476498383486694, N, 0.9473684210526315, 3759
0.3189267101297611, 0.0044753853804077575, N, 0.9473684210526315, 3902
0.3189267101297611, 0.0044742729306487695, N, 0.9473684210526315, 6540
0.3189267101297611, 0.0044731610337972166, N, 0.9473684210526315, 8343
0.3189267101297611, 0.0044720496894409935, N, 0.9473684210526315, 598
0.3189267101297611, 0.004470938897168405, N, 0.9473684210526315, 2866
0.3189267101297611, 0.004469828656568165, N, 0.9473684210526315, 5796
0.3189267101297611, 0.004468718967229395, N, 0.9473684210526315, 2331
0.3189267101297611, 0.004467609828741623, N, 0.9473684210526315, 10885
0.3189267101297611, 0.004466501240694789, N, 0.9473684210526315, 1721
0.3189267101297611, 0.004465393202679236, N, 0.9473684210526315, 4304
0.3189267101297611, 0.004464285714285714, N, 0.9473684210526315, 7090
0.3189267101297611, 0.004463178775105381, N, 0.9473684210526315, 2202
0.3189267101297611, 0.004462072384729797, N, 0.9473684210526315, 5424
0.3189267101297611, 0.0044609665427509295, N, 0.9473684210526315, 6047
0.3189267101297611, 0.0044598612487611496, N, 0.9473684210526315, 1060
0.3189267101297611, 0.004458756502353232, N, 0.9473684210526315, 4405
0.3189267101297611, 0.004457652303120356, N, 0.9473684210526315, 8826
0.3189267101297611, 0.004456548650656103, N, 0.9473684210526315, 1379
0.3189267101297611, 0.004455445544554455, N, 0.9473684210526315, 10693
0.3189267101297611, 0.004454342984409799, N, 0.9473684210526315, 790
0.3189267101297611, 0.004453240969816922, N, 0.9473684210526315, 1417
0.3189267101297611, 0.004452139500371012, N, 0.9473684210526315, 943
0.3189267101297611, 0.004451038575667656, N, 0.9473684210526315, 6462
0.3189267101297611, 0.004449938195302843, N, 0.9473684210526315, 148
0.3189267101297611, 0.004448838358872961, N, 0.9473684210526315, 3422
0.3189267101297611, 0.004447739065974796, N, 0.9473684210526315, 6253
0.3189267101297611, 0.004446640316205534, N, 0.9473684210526315, 7384
0.3189267101297611, 0.004445542109162756, N, 0.9473684210526315, 9553
0.3189267101297611, 0.0044444444444444444, N, 0.9473684210526315, 9673
0.3189267101297611, 0.004443347321648976, N, 0.9473684210526315, 10968
0.3189267101297611, 0.004442250740375123, N, 0.9473684210526315, 3280
0.3189267101297611, 0.0044411547002220575, N, 0.9473684210526315, 196
0.3189267101297611, 0.004440059200789344, N, 0.9473684210526315, 3188
0.3189267101297611, 0.0044389642416769425, N, 0.9473684210526315, 4546
0.3189267101297611, 0.004437869822485207, N, 0.9473684210526315, 9807
0.3189267101297611, 0.004436775942814888, N, 0.9473684210526315, 1892
0.3189267101297611, 0.004435682602267127, N, 0.9473684210526315, 4446
0.3189267101297611, 0.004434589800443459, N, 0.9473684210526315, 6034
0.3189267101297611, 0.004433497536945813, N, 0.9473684210526315, 9698
0.3189267101297611, 0.004432405811376508, N, 0.9473684210526315, 3203
0.3189267101297611, 0.004431314623338257, N, 0.9473684210526315, 8401
0.3189267101297611, 0.004430223972434162, N, 0.9473684210526315, 1359
0.3189267101297611, 0.0044291338582677165, N, 0.9473684210526315, 1856
0.3189267101297611, 0.004428044280442804, N, 0.9473684210526315, 3789
0.3189267101297611, 0.004426955238563699, N, 0.9473684210526315, 5283
0.3189267101297611, 0.004425866732235063, N, 0.9473684210526315, 382
0.3189267101297611, 0.004424778761061947, N, 0.9473684210526315, 1951
0.3189267101297611, 0.004423691324649791, N, 0.9473684210526315, 5444
0.3189267101297611, 0.004422604422604423, N, 0.9473684210526315, 11331
0.3189267101297611, 0.004421518054532056, N, 0.9473684210526315, 2723
0.3189267101297611, 0.0044204322200392925, N, 0.9473684210526315, 2967
0.3189267101297611, 0.00441934691873312, N, 0.9473684210526315, 8972
0.3189267101297611, 0.004418262150220913, N, 0.9473684210526315, 9206
0.3189267101297611, 0.004417177914110429, N, 0.9473684210526315, 1954
0.3189267101297611, 0.004416094210009814, N, 0.9473684210526315, 2488
0.3189267101297611, 0.004415011037527594, N, 0.9473684210526315, 9514
0.3189267101297611, 0.004413928396272682, N, 0.9473684210526315, 10243
0.3189267101297611, 0.004412846285854376, N, 0.9473684210526315, 8771
0.3189267101297611, 0.004411764705882353, N, 0.9473684210526315, 4561
0.3189267101297611, 0.0044106836559666745, N, 0.9473684210526315, 9178
0.3181873811936269, 0.004409603135717786, N, 0.9473684210526315, 5261
0.3181873811936269, 0.00440852314474651, N, 0.9473684210526315, 10394
0.3181873811936269, 0.004407443682664055, N, 0.9473684210526315, 9771
0.3181873811936269, 0.004406364749082008, N, 0.9473684210526315, 357
0.3181873811936269, 0.004405286343612335, N, 0.9473684210526315, 7786
0.3181873811936269, 0.004404208465867384, N, 0.9473684210526315, 4052
0.3181873811936269, 0.004403131115459882, N, 0.9473684210526315, 7300
0.3181873811936269, 0.004402054292002935, N, 0.9473684210526315, 3945
0.3181873811936269, 0.004400977995110024, N, 0.9473684210526315, 9106
0.3181873811936269, 0.004399902224395014, N, 0.9473684210526315, 4920
0.3181873811936269, 0.004398826979472141, N, 0.9473684210526315, 5549
0.3181873811936269, 0.004397752259956022, N, 0.9473684210526315, 391
0.3181873811936269, 0.004396678065461651, N, 0.9473684210526315, 3551
0.31263267858465743, 0.004395604395604396, N, 0.9473684210526315, 5822
0.31263267858465743, 0.00439453125, N, 0.9473684210526315, 3479
0.31263267858465743, 0.004393458628264584, N, 0.9473684210526315, 3607
0.31263267858465743, 0.004392386530014641, N, 0.9473684210526315, 9467
0.31263267858465743, 0.004391314954867041, N, 0.9473684210526315, 9296
0.31263267858465743, 0.004390243902439025, N, 0.9473684210526315, 9850
0.31263267858465743, 0.0043891733723482075, N, 0.9473684210526315, 6206
0.31263267858465743, 0.004388103364212579, N, 0.9473684210526315, 5798
0.31263267858465743, 0.004387033877650499, N, 0.9473684210526315, 7451
0.31263267858465743, 0.0043859649122807015, N, 0.9473684210526315, 10739
0.31263267858465743, 0.00438489646772229, N, 0.9473684210526315, 11231
0.31263267858465743, 0.00438382854359474, N, 0.9473684210526315, 1223
0.31263267858465743, 0.004382761139517896, N, 0.9473684210526315, 10020
0.31263267858465743, 0.004381694255111977, N, 0.9473684210526315, 3179
0.31263267858465743, 0.004380627889997567, N, 0.9473684210526315, 5243
0.31263267858465743, 0.004379562043795621, N, 0.9473684210526315, 9027
0.31263267858465743, 0.004378496716127463, N, 0.9473684210526315, 9412
0.31263267858465743, 0.004377431906614786, N, 0.9473684210526315, 8833
0.31263267858465743, 0.00437636761487965, N, 0.9473684210526315, 4443
0.31263267858465743, 0.004375303840544483, N, 0.9473684210526315, 4522
0.31263267858465743, 0.004374240583232078, N, 0.9473684210526315, 656
0.31263267858465743, 0.004373177842565598, N, 0.9473684210526315, 1189
0.31263267858465743, 0.0043721156181685695, N, 0.9473684210526315, 3715
0.31263267858465743, 0.004371053909664886, N, 0.9473684210526315, 9889
0.31263267858465743, 0.004369992716678805, N, 0.9473684210526315, 10901
0.31263267858465743, 0.004368932038834952, N, 0.9473684210526315, 6004
0.31263267858465743, 0.004367871875758311, N, 0.9473684210526315, 1480
0.31263267858465743, 0.004366812227074236, N, 0.9473684210526315, 10527
0.31263267858465743, 0.00436575309240844, N, 0.9473684210526315, 3298
0.31263267858465743, 0.004364694471387003, N, 0.9473684210526315, 6037
0.31263267858465743, 0.004363636363636364, N, 0.9473684210526315, 7098
0.31263267858465743, 0.004362578768783325, N, 0.9473684210526315, 6696
0.31263267858465743, 0.004361521686455052, N, 0.9473684210526315, 7124
0.31263267858465743, 0.00436046511627907, N, 0.9473684210526315, 1364
0.31263267858465743, 0.004359409057883265, N, 0.9473684210526315, 10797
0.31263267858465743, 0.0043583535108958835, N, 0.9473684210526315, 7271
0.31263267858465743, 0.004357298474945534, N, 0.9473684210526315, 5743
0.31263267858465743, 0.004356243949661181, N, 0.9473684210526315, 5365
0.3118933496485233, 0.004355189934672151, N, 0.9473684210526315, 8507
0.3118933496485233, 0.0043541364296081275, N, 0.9473684210526315, 10156
0.3118933496485233, 0.004353083434099154, N, 0.9473684210526315, 1149
0.3118933496485233, 0.004352030947775629, N, 0.9473684210526315, 2448
0.3118933496485233, 0.00435097897026831, N, 0.9473684210526315, 10876
0.3118933496485233, 0.0043499275012083135, N, 0.9473684210526315, 3746
0.3118933496485233, 0.004348876540227108, N, 0.9473684210526315, 5040
0.3118933496485233, 0.004347826086956522, N, 0.9473684210526315, 7506
0.3118933496485233, 0.004346776141028737, N, 0.9473684210526315, 7994
0.3118933496485233, 0.0043457267020762915, N, 0.9473684210526315, 8482
0.3118933496485233, 0.004344677769732078, N, 0.9473684210526315, 9430
0.3118933496485233, 0.004343629343629344, N, 0.9473684210526315, 1246
0.3118933496485233, 0.004342581423401689, N, 0.9473684210526315, 9090
0.3118933496485233, 0.004341534008683068, N, 0.9473684210526315, 504
0.3118933496485233, 0.0043404870991077885, N, 0.9473684210526315, 1410
0.3118933496485233, 0.004339440694310511, N, 0.9473684210526315, 1585
0.3118933496485233, 0.004338394793926247, N, 0.9473684210526315, 4334
0.3118933496485233, 0.004337349397590362, N, 0.9473684210526315, 172
0.3118933496485233, 0.004336304504938569, N, 0.9473684210526315, 8324
0.3118933496485233, 0.004335260115606936, N, 0.9473684210526315, 10053
0.3118933496485233, 0.004334216229231881, N, 0.9473684210526315, 1443
0.3118933496485233, 0.004333172845450169, N, 0.9473684210526315, 7996
0.3118933496485233, 0.004332129963898917, N, 0.9473684210526315, 9190
0.3118933496485233, 0.004331087584215592, N, 0.9473684210526315, 311
0.3118933496485233, 0.004330045706038008, N, 0.9473684210526315, 4512
0.3118933496485233, 0.004329004329004329, N, 0.9473684210526315, 5489
0.3118933496485233, 0.004327963452753066, N, 0.9473684210526315, 183
0.3118933496485233, 0.004326923076923077, N, 0.9473684210526315, 259
0.3118933496485233, 0.004325883201153569, N, 0.9473684210526315, 838
0.3118933496485233, 0.004324843825084094, N, 0.9473684210526315, 2705
0.3118933496485233, 0.004323804948354552, N, 0.9473684210526315, 5267
0.3118933496485233, 0.004322766570605188, N, 0.9473684210526315, 6545
0.3118933496485233, 0.004321728691476591, N, 0.9473684210526315, 7317
0.3118933496485233, 0.0043206913106096975, N, 0.9473684210526315, 11196
0.3118933496485233, 0.004319654427645789, N, 0.9473684210526315, 7852
0.3118933496485233, 0.004318618042226488, N, 0.9473684210526315, 8995
0.3118933496485233, 0.004317582153993763, N, 0.9473684210526315, 1024
0.3118933496485233, 0.004316546762589928, N, 0.9473684210526315, 5637
0.3118933496485233, 0.004315511867657636, N, 0.9473684210526315, 8789
0.3118933496485233, 0.004314477468839885, N, 0.9473684210526315, 9275
0.3118933496485233, 0.004313443565780014, N, 0.9473684210526315, 3633
0.3118933496485233, 0.004312410158121706, N, 0.9473684210526315, 5878
0.3118933496485233, 0.004311377245508982, N, 0.9473684210526315, 10399
0.3118933496485233, 0.004310344827586207, N, 0.9473684210526315, 10572
0.3118933496485233, 0.004309312903998085, N, 0.9473684210526315, 7894
0.3118933496485233, 0.00430828147438966, N, 0.9473684210526315, 4848
0.3118933496485233, 0.004307250538406317, N, 0.9473684210526315, 5163
0.3118933496485233, 0.00430622009569378, N, 0.9473684210526315, 5374
0.3118933496485233, 0.004305190145898111, N, 0.9473684210526315, 8001
0.3118933496485233, 0.00430416068866571, N, 0.9473684210526315, 887
0.3118933496485233, 0.004303131723643318, N, 0.9473684210526315, 11238
0.3118933496485233, 0.004302103250478011, N, 0.9473684210526315, 2357
0.3118933496485233, 0.004301075268817204, N, 0.9473684210526315, 5118
0.3118933496485233, 0.004300047778308648, N, 0.9473684210526315, 271
0.3118933496485233, 0.0042990207786004295, N, 0.9473684210526315, 1601
0.3118933496485233, 0.004297994269340974, N, 0.9473684210526315, 5576
0.3118933496485233, 0.004296968250179041, N, 0.9473684210526315, 9460
0.3118933496485233, 0.0042959427207637235, N, 0.9473684210526315, 888
0.3118933496485233, 0.004294917680744453, N, 0.9473684210526315, 2044
0.3118933496485233, 0.004293893129770993, N, 0.9473684210526315, 8051
0.3118933496485233, 0.004292869067493442, N, 0.9473684210526315, 658
0.3118933496485233, 0.004291845493562232, N, 0.9473684210526315, 1190
0.3118933496485233, 0.004290822407628129, N, 0.9473684210526315, 10756
0.3118933496485233, 0.004289799809342231, N, 0.9473684210526315, 5252
0.3118933496485233, 0.004288777698355968, N, 0.9473684210526315, 427
0.3118933496485233, 0.004287756074321105, N, 0.9473684210526315, 1236
0.3118933496485233, 0.0042867349368897354, N, 0.9473684210526315, 5064
0.3118933496485233, 0.004285714285714286, N, 0.9473684210526315, 5886
0.3118933496485233, 0.0042846941204475126, N, 0.9473684210526315, 6554
0.3118933496485233, 0.004283674440742504, N, 0.9473684210526315, 532
0.3118933496485233, 0.004282655246252677, N, 0.9473684210526315, 5861
0.3118933496485233, 0.004519505233111323, R, 1.0, 1239
0.3118933496485233, 0.004518430439952438, N, 1.0, 10915
0.3118933496485233, 0.00451735615786971, N, 1.0, 1740
0.3118933496485233, 0.004516282386498692, N, 1.0, 2858
0.3118933496485233, 0.004515209125475285, N, 1.0, 7924
0.3118933496485233, 0.004514136374435733, N, 1.0, 8020
0.3118933496485233, 0.004513064133016627, N, 1.0, 6759
0.3118933496485233, 0.004511992400854904, N, 1.0, 2681
0.3118933496485233, 0.004510921177587844, N, 1.0, 5447
0.3118933496485233, 0.004509850462853074, N, 1.0, 2546
0.3118933496485233, 0.004508780256288562, N, 1.0, 7080
0.3118933496485233, 0.0045077105575326215, N, 1.0, 10833
0.3118933496485233, 0.004506641366223909, N, 1.0, 11033
0.3118933496485233, 0.004505572682001423, N, 1.0, 5555
0.3118933496485233, 0.0045045045045045045, N, 1.0, 4201
0.3111540207123891, 0.004503436833372837, N, 1.0, 1916
0.3111540207123891, 0.004502369668246445, N, 1.0, 6242
0.3111540207123891, 0.0045013030087656955, N, 1.0, 403
0.3111540207123891, 0.004500236854571293, N, 1.0, 2836
0.3111540207123891, 0.004499171205304286, N, 1.0, 6249
0.3111540207123891, 0.004498106060606061, N, 1.0, 10510
0.3111540207123891, 0.004497041420118343, N, 1.0, 8302
0.3111540207123891, 0.0044959772834831995, N, 1.0, 1934
0.3111540207123891, 0.004494913650343033, N, 1.0, 10375
0.3111540207123891, 0.004493850520340586, N, 1.0, 991
0.3111540207123891, 0.004492787893118941, N, 1.0, 1547
0.3111540207123891, 0.004491725768321513, N, 1.0, 6963
0.3111540207123891, 0.0044906641455920585, N, 1.0, 3638
0.3111540207123891, 0.0044896030245746696, N, 1.0, 9580
0.3111540207123891, 0.0044885424049137725, N, 1.0, 1605
0.3111540207123891, 0.004487482286254133, N, 1.0, 2577
0.3111540207123891, 0.00448642266824085, N, 1.0, 5975
0.3111540207123891, 0.0044853635505193576, N, 1.0, 958
0.3111540207123891, 0.004484304932735426, N, 1.0, 10360
0.3111540207123891, 0.004483246814535158, N, 1.0, 867
0.3111540207123891, 0.004482189195564991, N, 1.0, 10109
0.3048599891672855, 0.004481132075471698, N, 1.0, 2171
0.3048599891672855, 0.004480075453902382, N, 1.0, 4564
0.3048599891672855, 0.004479019330504479, N, 1.0, 4636
0.3048599891672855, 0.00447796370492576, N, 1.0, 721
0.3048599891672855, 0.004476908576814326, N, 1.0, 8431
0.3048599891672855, 0.00447585394581861, N, 1.0, 9130
0.3048599891672855, 0.004474799811587376, N, 1.0, 7508
0.3048599891672855, 0.00447374617376972, N, 1.0, 1372
0.3048599891672855, 0.004472693032015066, N, 1.0, 1752
0.3048599891672855, 0.00447164038597317, N, 1.0, 2402
0.3048599891672855, 0.004470588235294118, N, 1.0, 4217
0.3048599891672855, 0.004469536579628322, N, 1.0, 7935
0.3048599891672855, 0.004468485418626529, N, 1.0, 9567
0.3048599891672855, 0.0044674347519398075, N, 1.0, 1167
0.3048599891672855, 0.004466384579219558, N, 1.0, 2196
0.3048599891672855, 0.004465334900117509, N, 1.0, 5333
0.3048599891672855, 0.004464285714285714, N, 1.0, 9717
0.3048599891672855, 0.004463237021376556, N, 1.0, 7826
0.3048599891672855, 0.004462188821042743, N, 1.0, 8097
0.3048599891672855, 0.004461141112937309, N, 1.0, 2733
0.3048599891672855, 0.004460093896713615, N, 1.0, 9571
0.3048599891672855, 0.004459047172025346, N, 1.0, 5842
0.3048599891672855, 0.004458000938526514, N, 1.0, 12
0.3048599891672855, 0.004456955195871452, N, 1.0, 1728
0.3048599891672855, 0.004455909943714822, N, 1.0, 7727
0.3048599891672855, 0.004454865181711606, N, 1.0, 8709
0.3048599891672855, 0.004453820909517112, N, 1.0, 6416
0.3048599891672855, 0.00445277712678697, N, 1.0, 7341
0.3048599891672855, 0.004451733833177133, N, 1.0, 7937
0.3048599891672855, 0.004450691028343875, N, 1.0, 3864
0.3048599891672855, 0.004449648711943794, N, 1.0, 9601
0.3048599891672855, 0.004448606883633809, N, 1.0, 1822
0.3048599891672855, 0.004447565543071161, N, 1.0, 1272
0.3048599891672855, 0.00444652468991341, N, 1.0, 11375
0.3048599891672855, 0.004445484323818437, N, 1.0, 3675
0.3048599891672855, 0.0044444444444444444, N, 1.0, 10022
0.3048599891672855, 0.004443405051449953, N, 1.0, 3319
0.3048599891672855, 0.004442366144493804, N, 1.0, 1231
0.3048599891672855, 0.004441327723235157, N, 1.0, 6810
0.3048599891672855, 0.004440289787333489, N, 1.0, 7730
0.3048599891672855, 0.0044392523364485985, N, 1.0, 2994
0.3048599891672855, 0.004438215370240598, N, 1.0, 6836
0.3048599891672855, 0.004437178888369921, N, 1.0, 2226
0.3048599891672855, 0.004436142890497315, N, 1.0, 2912
0.3048599891672855, 0.004435107376283847, N, 1.0, 8673
0.3048599891672855, 0.004434072345390899, N, 1.0, 10232
0.3048599891672855, 0.004433037797480168, N, 1.0, 1232
0.3048599891672855, 0.004432003732213669, N, 1.0, 1995
0.3048599891672855, 0.004430970149253731, N, 1.0, 2268
0.3048599891672855, 0.004429937048262999, N, 1.0, 462
0.3048599891672855, 0.004428904428904429, N, 1.0, 1135
0.3048599891672855, 0.004427872290841296, N, 1.0, 3947
0.3048599891672855, 0.004426840633737186, N, 1.0, 9000
0.3048599891672855, 0.004425809457255998, N, 1.0, 797
0.3048599891672855, 0.004424778761061947, N, 1.0, 3066
0.3048599891672855, 0.0044237485448195574, N, 1.0, 1735
0.3048599891672855, 0.004422718808193668, N, 1.0, 7462
0.3048599891672855, 0.00442168955084943, N, 1.0, 2813
0.3048599891672855, 0.004420660772452303, N, 1.0, 717
0.3048599891672855, 0.004419632472668062, N, 1.0, 11166
0.3048599891672855, 0.004418604651162791, N, 1.0, 8360
0.3048599891672855, 0.004417577307602883, N, 1.0, 9332
0.3048599891672855, 0.004416550441655044, N, 1.0, 1282
0.3048599891672855, 0.004415524052986289, N, 1.0, 4249
0.3048599891672855, 0.004414498141263941, N, 1.0, 8056
0.3048599891672855, 0.004413472706155633, N, 1.0, 9732
0.3048599891672855, 0.004412447747329308, N, 1.0, 10663
0.3048599891672855, 0.004411423264453216, N, 1.0, 1490
0.3048599891672855, 0.0044103992571959145, N, 1.0, 4250
0.3048599891672855, 0.004409375725226271, N, 1.0, 1318
0.3048599891672855, 0.004408352668213457, N, 1.0, 2682
0.3048599891672855, 0.004407330085826954, N, 1.0, 9896
0.3048599891672855, 0.004406307977736549, N, 1.0, 1243
0.3041206602311513, 0.004405286343612335, N, 1.0, 2320
0.3041206602311513, 0.00440426518312471, N, 1.0, 3562
0.3041206602311513, 0.00440324449594438, N, 1.0, 3832
0.3041206602311513, 0.004402224281742354, N, 1.0, 6042
0.3041206602311513, 0.004401204540189946, N, 1.0, 2818
0.3041206602311513, 0.004400185270958777, N, 1.0, 5777
0.3041206602311513, 0.004399166473720769, N, 1.0, 5867
0.3041206602311513, 0.004398148148148148, N, 1.0, 7719
0.3041206602311513, 0.004397130293913446, N, 1.0, 7242
0.3041206602311513, 0.004396112910689496, N, 1.0, 2322
0.3041206602311513, 0.004395095998149434, N, 1.0, 5675
0.3041206602311513, 0.0043940795559666975, N, 1.0, 10942
0.3041206602311513, 0.004393063583815029, N, 1.0, 4961
0.3041206602311513, 0.00439204808136847, N, 1.0, 5237
0.3041206602311513, 0.004391033048301364, N, 1.0, 413
0.3041206602311513, 0.004390018484288355, N, 1.0, 1059
0.3041206602311513, 0.004389004389004389, N, 1.0, 1591
0.3041206602311513, 0.004387990762124711, N, 1.0, 10466
0.3041206602311513, 0.004386977603324867, N, 1.0, 9450
0.3041206602311513, 0.0043859649122807015, N, 1.0, 1629
0.3041206602311513, 0.0043849526886683594, N, 1.0, 2951
0.3041206602311513, 0.004383940932164283, N, 1.0, 914
0.3041206602311513, 0.004382929642445213, N, 1.0, 5117
0.3041206602311513, 0.0043819188191881915, N, 1.0, 945
0.3041206602311513, 0.004380908462070556, N, 1.0, 9457
0.3041206602311513, 0.00437989857076994, N, 1.0, 6423
0.3041206602311513, 0.004378889144964277, N, 1.0, 8217
0.3041206602311513, 0.004377880184331797, N, 1.0, 9578
0.3041206602311513, 0.004376871688551025, N, 1.0, 11048
0.3041206602311513, 0.004375863657300783, N, 1.0, 1394
0.3041206602311513, 0.004374856090260189, N, 1.0, 2573
0.3041206602311513, 0.004373848987108656, N, 1.0, 6118
0.3041206602311513, 0.004372842347525892, N, 1.0, 8528
0.3041206602311513, 0.0043718361711919005, N, 1.0, 7199
0.3041206602311513, 0.004370830457786979, N, 1.0, 1526
0.3041206602311513, 0.0043698252069917206, N, 1.0, 4834
0.3041206602311513, 0.004368820418487009, N, 1.0, 4117
0.3041206602311513, 0.004367816091954023, N, 1.0, 1434
0.29708729974991355, 0.004366812227074236, N, 1.0, 1710
0.29708729974991355, 0.004365808823529412, N, 1.0, 2934
0.29708729974991355, 0.004364805881001608, N, 1.0, 1531
0.29708729974991355, 0.004363803399173174, N, 1.0, 2454
0.29708729974991355, 0.004362801377726751, N, 1.0, 7479
0.29708729974991355, 0.004361799816345271, N, 1.0, 10882
0.29708729974991355, 0.004360798714711958, N, 1.0, 6183
0.29708729974991355, 0.004359798072510326, N, 1.0, 4567
0.29708729974991355, 0.0043587978894241795, N, 1.0, 9448
0.29708729974991355, 0.004357798165137615, N, 1.0, 3269
0.29708729974991355, 0.004356798899335015, N, 1.0, 2472
0.29708729974991355, 0.004355800091701055, N, 1.0, 10220
0.29708729974991355, 0.004354801741920697, N, 1.0, 3486
0.29708729974991355, 0.004353803849679193, N, 1.0, 4845
0.29708729974991355, 0.004352806414662085, N, 1.0, 1306
0.29708729974991355, 0.004351809436555199, N, 1.0, 2107
0.29708729974991355, 0.004350812915044653, N, 1.0, 3540
0.29708729974991355, 0.00434981684981685, N, 1.0, 4340
0.29708729974991355, 0.00434882124055848, N, 1.0, 9576
0.29708729974991355, 0.004347826086956522, N, 1.0, 9604
0.29708729974991355, 0.004346831388698238, N, 1.0, 1349
0.29708729974991355, 0.00434583714547118, N, 1.0, 10700
0.29708729974991355, 0.004344843356963183, N, 1.0, 1309
0.29708729974991355, 0.004343850022862369, N, 1.0, 7703
0.29708729974991355, 0.004342857142857143, N, 1.0, 8834
0.29708729974991355, 0.004341864716636197, N, 1.0, 1522
0.29708729974991355, 0.004340872743888508, N, 1.0, 4885
0.29708729974991355, 0.004339881224303335, N, 1.0, 1311
0.29708729974991355, 0.004338890157570221, N, 1.0, 10793
0.29708729974991355, 0.0043378995433789955, N, 1.0, 9461
0.29708729974991355, 0.004336909381419767, N, 1.0, 3067
0.29708729974991355, 0.00433591967138293, N, 1.0, 8679
0.29708729974991355, 0.004334930412959161, N, 1.0, 9076
0.29708729974991355, 0.004333941605839416, N, 1.0, 9944
0.29708729974991355, 0.004332953249714938, N, 1.0, 2814
0.29708729974991355, 0.004331965344277246, N, 1.0, 2116
0.29708729974991355, 0.004330977889218144, N, 1.0, 8026
0.29708729974991355, 0.004329990884229718, N, 1.0, 8428
0.29708729974991355, 0.004329004329004329, N, 1.0, 5326
0.29708729974991355, 0.004328018223234624, N, 1.0, 8801
0.29708729974991355, 0.0043270325666135276, N, 1.0, 3255
0.29708729974991355, 0.004326047358834244, N, 1.0, 4330
0.2705849429116761, 0.004325062599590257, N, 1.0, 7147
0.26355158243043836, 0.00432407828857533, N, 1.0, 5621
0.24726687465956027, 0.004323094425483504, N, 1.0, 5115
0.23689679837775557, 0.0043221110100090995, N, 1.0, 7056
0.23060276683265196, 0.004321128041846714, N, 1.0, 3320
0.2291241089603836, 0.004320145520691224, N, 1.0, 9920
0.22838478002424945, 0.004319163446237781, N, 1.0, 7577
0.22356940635141417, 0.004318181818181818, N, 1.0, 10017
0.21839410379847496, 0.004317200636219041, N, 1.0, 6709
0.20358805389986528, 0.004316219900045434, N, 1.0, 7854
0.19247864868192638, 0.004315239609357257, N, 1.0, 7628
0.19173931974579222, 0.004314259763851045, N, 1.0, 588
0.18878200400125555, 0.004313280363223609, N, 1.0, 3886
0.18618461713682283, 0.004312301407172038, N, 1.0, 7864
0.1839666303284203, 0.004311322895393692, N, 1.0, 8179
0.18248797245615195, 0.004310344827586207, N, 1.0, 5499
0.18174864352001777, 0.004309367203447494, N, 1.0, 5150
0.17619394091104834, 0.004308390022675737, N, 1.0, 4901
0.17619394091104834, 0.004307413284969395, N, 1.0, 8433
0.17545461197491416, 0.0043064369900271985, N, 1.0, 7054
0.17545461197491416, 0.004305461137548153, N, 1.0, 7430
0.17471528303878, 0.004304485727231536, N, 1.0, 9819
0.17137856723821307, 0.004303510758776897, N, 1.0, 7377
0.16916058042981053, 0.004302536231884058, N, 1.0, 9909
0.16916058042981053, 0.004301562146253113, N, 1.0, 5611
0.16916058042981053, 0.004300588501584427, N, 1.0, 6854
0.16916058042981053, 0.004299615297578638, N, 1.0, 4410
0.16842125149367637, 0.004298642533936652, N, 1.0, 5814
0.16842125149367637, 0.004297670210359647, N, 1.0, 4414
0.16842125149367637, 0.004296698326549073, N, 1.0, 218
0.16842125149367637, 0.004295726882206647, N, 1.0, 7034
0.16694259362140806, 0.004294755877034358, N, 1.0, 7112
0.16694259362140806, 0.004293785310734463, N, 1.0, 7605
0.16694259362140806, 0.00429281518300949, N, 1.0, 6732
0.1654639357491397, 0.004291845493562232, N, 1.0, 8386
0.16212721994857276, 0.004290876242095754, N, 1.0, 5229
0.16212721994857276, 0.004289907428313389, N, 1.0, 6129
0.16212721994857276, 0.004288939051918736, N, 1.0, 5850
0.16212721994857276, 0.004287971112615662, N, 1.0, 5797
0.16212721994857276, 0.0042870036101083035, N, 1.0, 6409
0.16212721994857276, 0.00428603654410106, N, 1.0, 2908
0.1613878910124386, 0.004285069914298602, N, 1.0, 5589
0.1613878910124386, 0.004284103720405863, N, 1.0, 9166
0.1613878910124386, 0.004283137962128043, N, 1.0, 9643
0.16064856207630446, 0.00428217263917061, N, 1.0, 7332
0.16064856207630446, 0.004281207751239297, N, 1.0, 6492
0.15657251733960337, 0.004280243298040099, N, 1.0, 6521
0.15657251733960337, 0.004279279279279279, N, 1.0, 7333
0.15583318840346919, 0.004278315694663364, N, 1.0, 8282
0.15583318840346919, 0.004277352543899144, N, 1.0, 4418
0.15583318840346919, 0.0042763898266936756, N, 1.0, 7211
0.15583318840346919, 0.004275427542754276, N, 1.0, 9445
0.155093859467335, 0.0042744656917885265, N, 1.0, 1258
0.155093859467335, 0.004273504273504274, N, 1.0, 4115
0.155093859467335, 0.004272543287609625, N, 1.0, 7301
0.155093859467335, 0.00427158273381295, N, 1.0, 9846
0.155093859467335, 0.004270622611822881, N, 1.0, 3561
0.15435453053120082, 0.004269662921348315, N, 1.0, 4363
0.15435453053120082, 0.004268703662098405, N, 1.0, 5525
0.15361520159506667, 0.004267744833782569, N, 1.0, 6324
0.1528758726589325, 0.004266786436110487, N, 1.0, 5329
0.15213654372279833, 0.004265828468792097, N, 1.0, 4136
0.14953915685836558, 0.004264870931537598, N, 1.0, 9195
0.1487998279222314, 0.004263913824057451, N, 1.0, 2884
0.14806049898609722, 0.0042629571460623735, N, 1.0, 3556
0.14806049898609722, 0.004262000897263347, N, 1.0, 7699
0.14806049898609722, 0.004261045077371608, N, 1.0, 8167
0.14732117004996306, 0.004260089686098654, N, 1.0, 5407
0.14732117004996306, 0.004259134723156243, N, 1.0, 6221
0.14732117004996306, 0.004258180188256387, N, 1.0, 1758
0.14732117004996306, 0.00425722608111136, N, 1.0, 4751
0.14732117004996306, 0.004256272401433692, N, 1.0, 3583
0.14732117004996306, 0.00425531914893617, N, 1.0, 6302
0.14658184111382888, 0.00425436632333184, N, 1.0, 7964
0.14658184111382888, 0.004253413924334005, N, 1.0, 9050
0.14584251217769473, 0.004252461951656222, N, 1.0, 5327
0.14584251217769473, 0.004251510405012307, N, 1.0, 2881
0.14584251217769473, 0.004250559284116331, N, 1.0, 5114
0.14510318324156055, 0.004249608588682621, N, 1.0, 8025
0.14510318324156055, 0.00424865831842576, N, 1.0, 584
0.14436385430542636, 0.004247708473060586, N, 1.0, 119
0.14436385430542636, 0.0042467590523021905, N, 1.0, 7955
0.1436245253692922, 0.004245810055865922, N, 1.0, 9038
0.14176646744099364, 0.0042448614834673815, N, 1.0, 8035
0.14102713850485943, 0.004243913334822426, N, 1.0, 5700
0.14102713850485943, 0.004242965609647164, N, 1.0, 8617
0.14028780956872527, 0.004242018307657959, N, 1.0, 4643
0.14028780956872527, 0.004241071428571428, N, 1.0, 6402
0.14028780956872527, 0.004240124972104441, N, 1.0, 1513
0.13954848063259112, 0.004239178937974119, N, 1.0, 7443
0.13954848063259112, 0.004238233325897837, N, 1.0, 5026
0.13954848063259112, 0.00423728813559322, N, 1.0, 6716
0.13954848063259112, 0.00423634336677815, N, 1.0, 6156
0.13954848063259112, 0.0042353990191707535, N, 1.0, 9722
0.13880915169645694, 0.0042344550924894135, N, 1.0, 3692
0.13880915169645694, 0.004233511586452763, N, 1.0, 5197
0.13880915169645694, 0.004232568500779683, N, 1.0, 7144
0.13806982276032276, 0.004231625835189309, N, 1.0, 4728
0.13806982276032276, 0.004230683589401024, N, 1.0, 5393
0.13806982276032276, 0.004229741763134461, N, 1.0, 2875
0.13806982276032276, 0.0042288003561095034, N, 1.0, 7237
0.13806982276032276, 0.004227859368046284, N, 1.0, 4794
0.1373304938241886, 0.004226918798665183, N, 1.0, 7292
0.13473310695975588, 0.004225978647686833, N, 1.0, 6490
0.13399377802362167, 0.004225038914832111, N, 1.0, 1138
0.13399377802362167, 0.004224099599822144, N, 1.0, 6704
0.13399377802362167, 0.004223160702378307, N, 1.0, 4908
0.13399377802362167, 0.004222222222222222, N, 1.0, 6665
0.13325444908748751, 0.004221284159075761, N, 1.0, 5976
0.13325444908748751, 0.004220346512661039, N, 1.0, 9042
0.13251512015135333, 0.004219409282700422, N, 1.0, 4682
0.13251512015135333, 0.0042184724689165185, N, 1.0, 7757
0.13251512015135333, 0.004217536071032186, N, 1.0, 6116
0.13251512015135333, 0.004216600088770528, N, 1.0, 7437
0.13251512015135333, 0.004215664521854893, N, 1.0, 2763
0.13251512015135333, 0.004214729370008873, N, 1.0, 5908
0.13177579121521918, 0.00421379463295631, N, 1.0, 750
0.13177579121521918, 0.0042128603104212865, N, 1.0, 8377
0.13177579121521918, 0.0042119264021281315, N, 1.0, 6632
0.13177579121521918, 0.0042109929078014184, N, 1.0, 9626
0.13177579121521918, 0.0042100598271659646, N, 1.0, 6756
0.13177579121521918, 0.004209127159946832, N, 1.0, 3019
0.131036462279085, 0.004208194905869324, N, 1.0, 4899
0.131036462279085, 0.00420726306465899, N, 1.0, 6697
0.131036462279085, 0.00420633163604162, N, 1.0, 7387
0.131036462279085, 0.0042054006197432495, N, 1.0, 6981
0.131036462279085, 0.004204470015490153, N, 1.0, 6202
0.131036462279085, 0.0042035398230088495, N, 1.0, 9257
0.131036462279085, 0.0042026100420261, N, 1.0, 4683
0.131036462279085, 0.004201680672268907, N, 1.0, 3458
0.131036462279085, 0.004200751713464515, N, 1.0, 2524
0.131036462279085, 0.004199823165340406, N, 1.0, 6733
0.13029713334295082, 0.004198895027624309, N, 1.0, 7966
0.13029713334295082, 0.0041979673000441895, N, 1.0, 4790
0.12881847547068248, 0.004197039982328253, N, 1.0, 6838
0.12622108860624973, 0.004196113074204947, N, 1.0, 7482
0.12622108860624973, 0.004195186575402959, N, 1.0, 7439
0.12622108860624973, 0.0041942604856512146, N, 1.0, 6415
0.12622108860624973, 0.004193334804678879, N, 1.0, 9841
0.12622108860624973, 0.004192409532215357, N, 1.0, 1876
0.12622108860624973, 0.004191484667990294, N, 1.0, 474
0.12622108860624973, 0.0041905602117335685, N, 1.0, 5939
0.12548175967011557, 0.004189636163175303, N, 1.0, 6999
0.12548175967011557, 0.004188712522045855, N, 1.0, 8086
0.12548175967011557, 0.004187789288075821, N, 1.0, 2138
0.12548175967011557, 0.004186866460996034, N, 1.0, 5572
0.12548175967011557, 0.004185944040537563, N, 1.0, 6207
0.12548175967011557, 0.004185022026431718, N, 1.0, 4651
0.12548175967011557, 0.0041841004184100415, N, 1.0, 4284
0.12548175967011557, 0.004183179216204315, N, 1.0, 8036
0.12548175967011557, 0.004182258419546555, N, 1.0, 7747
0.12548175967011557, 0.004181338028169014, N, 1.0, 228
0.12474243073398139, 0.004180418041804181, N, 1.0, 5217
0.12474243073398139, 0.004179498460184778, N, 1.0, 7097
0.12474243073398139, 0.0041785792830437655, N, 1.0, 3694
0.12474243073398139, 0.004177660510114336, N, 1.0, 8034
0.12474243073398139, 0.004176742141129918, N, 1.0, 8308
0.12474243073398139, 0.004175824175824176, N, 1.0, 9971
0.12400310179784724, 0.004174906613931004, N, 1.0, 6714
0.12400310179784724, 0.0041739894551845345, N, 1.0, 7567
0.12400310179784724, 0.00417307269931913, N, 1.0, 6320
0.12400310179784724, 0.00417215634606939, N, 1.0, 120
0.12400310179784724, 0.004171240395170143, N, 1.0, 5623
0.12326377286171303, 0.004170324846356453, N, 1.0, 9147
0.12326377286171303, 0.004169409699363616, N, 1.0, 6039
0.12326377286171303, 0.004168494953927161, N, 1.0, 3624
0.12326377286171303, 0.004167580609782847, N, 1.0, 5713
0.12326377286171303, 0.004166666666666667, N, 1.0, 4343
0.12326377286171303, 0.0041657531243148435, N, 1.0, 6726
0.12326377286171303, 0.004164839982463832, N, 1.0, 9838
0.12252444392557887, 0.0041639272408503175, N, 1.0, 6906
0.12252444392557887, 0.004163014899211218, N, 1.0, 5508
0.12214504386954864, 0.00416210295728368, N, 1.0, 4368
0.1206663859972803, 0.004161191414805081, N, 1.0, 6312
0.1206663859972803, 0.004160280271513028, N, 1.0, 8515
0.11992705706114612, 0.004159369527145359, N, 1.0, 6107
0.11918772812501195, 0.0041584591814401405, N, 1.0, 7243
0.11918772812501195, 0.004157549234135667, N, 1.0, 7863
0.11918772812501195, 0.004156639684970466, N, 1.0, 3769
0.11844839918887778, 0.004155730533683289, N, 1.0, 3903
0.11844839918887778, 0.0041548217800131204, N, 1.0, 8085
0.11844839918887778, 0.004153913423699169, N, 1.0, 2405
0.11844839918887778, 0.004153005464480874, N, 1.0, 4493
0.11844839918887778, 0.004152097902097902, N, 1.0, 5935
0.11844839918887778, 0.004151190736290146, N, 1.0, 6127
0.11770907025274362, 0.004150283966797728, N, 1.0, 5510
0.11770907025274362, 0.004149377593360996, N, 1.0, 6485
0.11770907025274362, 0.004148471615720524, N, 1.0, 9034
0.11770907025274362, 0.004147566033617114, N, 1.0, 10622
0.11770907025274362, 0.004146660846791794, N, 1.0, 9980
0.11770907025274362, 0.0041457560549858176, N, 1.0, 1643
0.11770907025274362, 0.0041448516579406635, N, 1.0, 7427
0.11770907025274362, 0.004143947655398037, N, 1.0, 7376
0.11770907025274362, 0.004143044047099869, N, 1.0, 9949
0.11696974131660945, 0.004142140832788315, N, 1.0, 7478
0.11696974131660945, 0.004141238012205754, N, 1.0, 7613
0.11696974131660945, 0.004140335585094792, N, 1.0, 5528
0.11696974131660945, 0.004139433551198257, N, 1.0, 5795
0.11696974131660945, 0.004138531910259203, N, 1.0, 11130
0.11696974131660945, 0.004137630662020906, N, 1.0, 10717
0.11696974131660945, 0.004136729806226867, N, 1.0, 5052
0.11696974131660945, 0.00413582934262081, N, 1.0, 10019
0.11696974131660945, 0.004134929270946681, N, 1.0, 4983
0.11696974131660945, 0.004134029590948651, N, 1.0, 7488
0.11696974131660945, 0.004133130302371111, N, 1.0, 5782
0.11696974131660945, 0.004132231404958678, N, 1.0, 2534
0.11696974131660945, 0.004131332898456186, N, 1.0, 3569
0.11623041238047527, 0.004130434782608695, N, 1.0, 2275
0.11623041238047527, 0.0041295370571614864, N, 1.0, 2266
0.1154910834443411, 0.004128639721860061, N, 1.0, 7138
0.1154910834443411, 0.004127742776450141, N, 1.0, 3796
0.1154910834443411, 0.0041268462206776714, N, 1.0, 7954
0.11289369657990833, 0.004125950054288816, N, 1.0, 8168
0.11215436764377418, 0.004125054277029961, N, 1.0, 2342
0.11215436764377418, 0.00412415888864771, N, 1.0, 6864
0.11215436764377418, 0.004123263888888889, N, 1.0, 11278
0.11215436764377418, 0.004122369277500542, N, 1.0, 6394
0.11215436764377418, 0.004121475054229935, N, 1.0, 6077
0.11215436764377418, 0.00412058121882455, N, 1.0, 10300
0.11141503870764002, 0.00411968777103209, N, 1.0, 4679
0.11141503870764002, 0.004118794710600477, N, 1.0, 2136
0.11141503870764002, 0.00411790203727785, N, 1.0, 3354
0.11141503870764002, 0.004117009750812568, N, 1.0, 7534
0.11141503870764002, 0.004116117850953206, N, 1.0, 3465
0.11141503870764002, 0.00411522633744856, N, 1.0, 7294
0.11141503870764002, 0.00411433521004764, N, 1.0, 7769
0.11067570977150584, 0.004113444468499676, N, 1.0, 9707
0.11067570977150584, 0.004112554112554113, N, 1.0, 9908
0.11067570977150584, 0.004111664141960614, N, 1.0, 9665
0.11067570977150584, 0.004110774556469061, N, 1.0, 3689
0.11067570977150584, 0.004109885355829548, N, 1.0, 2538
0.11067570977150584, 0.004108996539792387, N, 1.0, 4662
0.11067570977150584, 0.0041081081081081085, N, 1.0, 5192
0.11067570977150584, 0.004107220060527454, N, 1.0, 10291
0.11067570977150584, 0.004106332396801383, N, 1.0, 6669
0.11067570977150584, 0.004105445116681072, N, 1.0, 6505
0.11067570977150584, 0.004104558219917909, N, 1.0, 3446
0.11067570977150584, 0.004103671706263499, N, 1.0, 9525
0.11067570977150584, 0.004102785575469661, N, 1.0, 5222
0.11067570977150584, 0.004101899827288429, N, 1.0, 5582
0.11067570977150584, 0.004101014461472048, N, 1.0, 5983
0.11067570977150584, 0.004100129477772983, N, 1.0, 6213
0.11067570977150584, 0.004099244875943905, N, 1.0, 856
0.10993638083537166, 0.004098360655737705, N, 1.0, 9382
0.10993638083537166, 0.004097476816907484, N, 1.0, 10292
0.10993638083537166, 0.004096593359206554, N, 1.0, 9153
0.10993638083537166, 0.004095710282388446, N, 1.0, 7759
0.10993638083537166, 0.004094827586206897, N, 1.0, 5411
0.10993638083537166, 0.004093945270415859, N, 1.0, 5517
0.10993638083537166, 0.004093063334769496, N, 1.0, 3936
0.10993638083537166, 0.004092181779022184, N, 1.0, 8383
0.10993638083537166, 0.00409130060292851, N, 1.0, 7490
0.10993638083537166, 0.004090419806243272, N, 1.0, 2885
0.10993638083537166, 0.004089539388721481, N, 1.0, 10862
0.10993638083537166, 0.004088659350118356, N, 1.0, 337
0.10919705189923748, 0.004087779690189329, N, 1.0, 4657
0.10919705189923748, 0.004086900408690041, N, 1.0, 6304
0.10919705189923748, 0.0040860215053763445, N, 1.0, 4796
0.10919705189923748, 0.0040851429800043, N, 1.0, 7965
0.10919705189923748, 0.00408426483233018, N, 1.0, 4530
0.10919705189923748, 0.004083387062110466, N, 1.0, 7330
0.10919705189923748, 0.0040825096691018475, N, 1.0, 4481
0.10919705189923748, 0.004081632653061225, N, 1.0, 5669
0.10919705189923748, 0.004080756013745705, N, 1.0, 2010
0.10919705189923748, 0.0040798797509126045, N, 1.0, 1033
0.10919705189923748, 0.0040790038643194505, N, 1.0, 4494
0.10919705189923748, 0.004078128353723975, N, 1.0, 7357
0.10919705189923748, 0.00407725321888412, N, 1.0, 4791
0.10919705189923748, 0.004076378459558035, N, 1.0, 5702
0.10919705189923748, 0.004075504075504076, N, 1.0, 6753
0.10919705189923748, 0.004074630066480806, N, 1.0, 6977
0.10845772296310334, 0.004073756432246998, N, 1.0, 74
0.10845772296310334, 0.004072883172561629, N, 1.0, 9256
0.10845772296310334, 0.0040720102871838835, N, 1.0, 5715
0.10845772296310334, 0.004071137775873152, N, 1.0, 1209
0.10845772296310334, 0.004070265638389032, N, 1.0, 3123
0.10845772296310334, 0.004069393874491326, N, 1.0, 7608
0.10845772296310334, 0.004068522483940043, N, 1.0, 7962
0.10771839402696914, 0.004067651466495397, N, 1.0, 5378
0.10771839402696914, 0.004066780821917808, N, 1.0, 6315
0.10623973615470081, 0.004065910549967901, N, 1.0, 5940
0.10512100716253639, 0.0040650406504065045, N, 1.0, 9372
0.10512100716253639, 0.004064171122994653, N, 1.0, 9700
0.10512100716253639, 0.0040633019674935844, N, 1.0, 6931
0.10438167822640224, 0.004062433183664742, N, 1.0, 3439
0.10438167822640224, 0.004061564771269773, N, 1.0, 4396
0.10438167822640224, 0.004060696730070528, N, 1.0, 5641
0.10438167822640224, 0.00405982905982906, N, 1.0, 7165
0.10438167822640224, 0.004058961760307627, N, 1.0, 4967
0.10438167822640224, 0.004058094831268688, N, 1.0, 3437
0.10364234929026807, 0.004057228272474909, N, 1.0, 6517
0.10364234929026807, 0.0040563620836891546, N, 1.0, 4741
0.10364234929026807, 0.004055496264674493, N, 1.0, 2628
0.10364234929026807, 0.004054630815194195, N, 1.0, 2381
0.10364234929026807, 0.004053765735011735, N, 1.0, 6219
0.10364234929026807, 0.0040529010238907846, N, 1.0, 1046
0.10364234929026807, 0.004052036681595223, N, 1.0, 3578
0.10364234929026807, 0.004051172707889125, N, 1.0, 9917
0.10364234929026807, 0.004050309102536773, N, 1.0, 10132
0.10364234929026807, 0.0040494458653026425, N, 1.0, 10724
0.10364234929026807, 0.004048582995951417, N, 1.0, 3779
0.10364234929026807, 0.004047720494247976, N, 1.0, 9746
0.10364234929026807, 0.004046858359957401, N, 1.0, 5307
0.10364234929026807, 0.004045996592844974, N, 1.0, 9307
0.10364234929026807, 0.004045135192676176, N, 1.0, 10110
0.10364234929026807, 0.004044274159216688, N, 1.0, 5289
0.1029030203541339, 0.0040434134922323894, N, 1.0, 4291
0.1029030203541339, 0.004042553191489362, N, 1.0, 7045
0.1029030203541339, 0.004041693256753882, N, 1.0, 5963
0.1029030203541339, 0.004040833687792429, N, 1.0, 10569
0.1029030203541339, 0.004039974484371677, N, 1.0, 7756
0.1029030203541339, 0.0040391156462585035, N, 1.0, 1695
0.1029030203541339, 0.004038257173219979, N, 1.0, 11262
0.1029030203541339, 0.004037399065023374, N, 1.0, 6445
0.1029030203541339, 0.004036541321436159, N, 1.0, 6743
0.1029030203541339, 0.004035683942225999, N, 1.0, 3933
0.1029030203541339, 0.004034826927160756, N, 1.0, 7619
0.1029030203541339, 0.0040339702760084925, N, 1.0, 4924
0.1029030203541339, 0.004033113988537466, N, 1.0, 2407
0.1029030203541339, 0.004032258064516129, N, 1.0, 8245
0.1029030203541339, 0.004031402503713134, N, 1.0, 2157
0.1029030203541339, 0.004030547305897327, N, 1.0, 9940
0.1029030203541339, 0.004029692470837752, N, 1.0, 7848
0.1029030203541339, 0.004028837998303647, N, 1.0, 6300
0.1029030203541339, 0.004027983888064448, N, 1.0, 9122
0.1029030203541339, 0.004027130139889784, N, 1.0, 2851
0.1029030203541339, 0.004026276753549481, N, 1.0, 3818
0.1029030203541339, 0.004025423728813559, N, 1.0, 10713
0.1029030203541339, 0.004024571065452235, N, 1.0, 321
0.1029030203541339, 0.004023718763235917, N, 1.0, 6063
0.10216369141799972, 0.004022866821935211, N, 1.0, 9014
0.10216369141799972, 0.004022015241320914, N, 1.0, 1244
0.10216369141799972, 0.004021164021164021, N, 1.0, 1637
0.10216369141799972, 0.004020313161235718, N, 1.0, 5942
0.10216369141799972, 0.0040194626613073835, N, 1.0, 7298
0.10216369141799972, 0.004018612521150592, N, 1.0, 10447
0.10216369141799972, 0.004017762740537111, N, 1.0, 8931
0.10216369141799972, 0.0040169133192389005, N, 1.0, 10276
0.10216369141799972, 0.004016064257028112, N, 1.0, 205
0.10216369141799972, 0.004015215553677092, N, 1.0, 4158
0.10216369141799972, 0.004014367208958377, N, 1.0, 6325
0.10216369141799972, 0.004013519222644698, N, 1.0, 3432
0.10216369141799972, 0.004012671594508976, N, 1.0, 2145
0.10216369141799972, 0.004011824324324324, N, 1.0, 3124
0.10216369141799972, 0.004010977411864049, N, 1.0, 9921
0.10142436248186555, 0.004010130856901647, N, 1.0, 3554
0.10142436248186555, 0.004009284659210804, N, 1.0, 7111
0.10142436248186555, 0.004008438818565401, N, 1.0, 6881
0.10142436248186555, 0.004007593334739506, N, 1.0, 7559
0.10068503354573138, 0.004006748207507381, N, 1.0, 7635
0.10068503354573138, 0.004005903436643475, N, 1.0, 489
0.10068503354573138, 0.004005059021922428, N, 1.0, 3674
0.10068503354573138, 0.004004214963119073, N, 1.0, 242
0.10068503354573138, 0.004003371260008428, N, 1.0, 5224
0.09808764668129863, 0.004002527912365704, N, 1.0, 4167
0.09808764668129863, 0.004001684919966301, N, 1.0, 4559
0.09734831774516446, 0.004000842282585807, N, 1.0, 5709
0.09734831774516446, 0.004, N, 1.0, 6306
0.09734831774516446, 0.003999158071984845, N, 1.0, 8633
0.09734831774516446, 0.003998316498316498, N, 1.0, 7713
0.09734831774516446, 0.003997475278771302, N, 1.0, 3015
0.0966089888090303, 0.0039966344131257886, N, 1.0, 7835
0.0966089888090303, 0.003995793901156677, N, 1.0, 7021
0.0966089888090303, 0.003994953742640875, N, 1.0, 8557
0.0966089888090303, 0.003994113937355476, N, 1.0, 215
0.0966089888090303, 0.003993274485077764, N, 1.0, 8087
0.0966089888090303, 0.003992435385585207, N, 1.0, 6205
0.0966089888090303, 0.003991596638655462, N, 1.0, 3133
0.0966089888090303, 0.003990758244066373, N, 1.0, 5966
0.0966089888090303, 0.003989920201595968, N, 1.0, 7736
0.0966089888090303, 0.0039890825110224645, N, 1.0, 9737
0.0966089888090303, 0.003988245172124265, N, 1.0, 7654
0.0966089888090303, 0.003987408184679958, N, 1.0, 4364
0.0966089888090303, 0.003986571548468317, N, 1.0, 4860
0.0966089888090303, 0.003985735263268303, N, 1.0, 4090
0.0966089888090303, 0.003984899328859061, N, 1.0, 6637
0.0966089888090303, 0.00398406374501992, N, 1.0, 9410
0.0966089888090303, 0.003983228511530398, N, 1.0, 4386
0.0966089888090303, 0.0039823936281701946, N, 1.0, 4288
0.0966089888090303, 0.003981559094719195, N, 1.0, 3401
0.0966089888090303, 0.003980724910957469, N, 1.0, 7236
0.0966089888090303, 0.003979891076665271, N, 1.0, 5757
0.09586965987289611, 0.003979057591623036, N, 1.0, 5684
0.09586965987289611, 0.0039782244556113905, N, 1.0, 6019
0.09586965987289611, 0.003977391668411137, N, 1.0, 4702
0.09586965987289611, 0.003976559229803265, N, 1.0, 1575
0.09586965987289611, 0.003975727139568948, N, 1.0, 2124
0.09586965987289611, 0.0039748953974895395, N, 1.0, 11410
0.09586965987289611, 0.00397406400334658, N, 1.0, 3457
0.09586965987289611, 0.00397323295692179, N, 1.0, 7774
0.09586965987289611, 0.003972402257997073, N, 1.0, 5408
0.09586965987289611, 0.003971571906354515, N, 1.0, 5480
0.09586965987289611, 0.003970741901776384, N, 1.0, 6877
0.09586965987289611, 0.003969912244045131, N, 1.0, 11251
0.09586965987289611, 0.003969082932943388, N, 1.0, 3481
0.09586965987289611, 0.003968253968253968, N, 1.0, 6524
0.09586965987289611, 0.003967425349759866, N, 1.0, 1391
0.09586965987289611, 0.003966597077244259, N, 1.0, 10118
0.09586965987289611, 0.003965769150490503, N, 1.0, 9187
0.09586965987289611, 0.003964941569282137, N, 1.0, 3913
0.09586965987289611, 0.0039641143334028794, N, 1.0, 4562
0.09586965987289611, 0.003963287442636629, N, 1.0, 6057
0.09586965987289611, 0.003962460896767466, N, 1.0, 6311
0.09586965987289611, 0.00396163469557965, N, 1.0, 5904
0.09586965987289611, 0.003960808838857619, N, 1.0, 2393
0.09586965987289611, 0.003959983326385994, N, 1.0, 9045
0.09586965987289611, 0.003959158157949573, N, 1.0, 6015
0.09586965987289611, 0.003958333333333334, N, 1.0, 6033
0.09586965987289611, 0.0039575088523224325, N, 1.0, 6947
0.09586965987289611, 0.003956684714702207, N, 1.0, 2146
0.09586965987289611, 0.003955860920258172, N, 1.0, 5958
0.09586965987289611, 0.00395503746877602, N, 1.0, 5704
0.09513033093676193, 0.003954214360041623, N, 1.0, 9842
0.09513033093676193, 0.0039533915938410324, N, 1.0, 7723
0.09513033093676193, 0.003952569169960474, N, 1.0, 9974
0.09513033093676193, 0.003951747088186356, N, 1.0, 7321
0.09513033093676193, 0.003950925348305261, N, 1.0, 5101
0.09513033093676193, 0.00395010395010395, N, 1.0, 5211
0.09513033093676193, 0.003949282893369362, N, 1.0, 7445
0.09513033093676193, 0.003948462177888612, N, 1.0, 5744
0.09513033093676193, 0.003947641803448992, N, 1.0, 1924
0.09513033093676193, 0.0039468217698379725, N, 1.0, 5900
0.09513033093676193, 0.003946002076843198, N, 1.0, 5315
0.09513033093676193, 0.0039451827242524915, N, 1.0, 5689
0.09513033093676193, 0.003944363711853851, N, 1.0, 3875
0.09513033093676193, 0.00394354503943545, N, 1.0, 5053
0.09513033093676193, 0.00394272670678564, N, 1.0, 5466
0.09513033093676193, 0.003941908713692946, N, 1.0, 6962
0.09513033093676193, 0.00394109105994607, N, 1.0, 6006
0.09513033093676193, 0.003940273745333886, N, 1.0, 1427
0.09513033093676193, 0.003939456769645449, N, 1.0, 9343
0.09513033093676193, 0.003938640132669984, N, 1.0, 2142
0.09513033093676193, 0.003937823834196891, N, 1.0, 7291
0.09513033093676193, 0.003937007874015748, N, 1.0, 1583
0.09513033093676193, 0.0039361922519163045, N, 1.0, 1699
0.09513033093676193, 0.003935376967688484, N, 1.0, 11241
0.09513033093676193, 0.003934562021122386, N, 1.0, 8618
0.09513033093676193, 0.003933747412008281, N, 1.0, 9023
0.09513033093676193, 0.003932933140136618, N, 1.0, 379
0.09513033093676193, 0.003932119205298013, N, 1.0, 9305
0.09513033093676193, 0.0039313056072832605, N, 1.0, 10440
0.09513033093676193, 0.003930492345883326, N, 1.0, 3820
0.09513033093676193, 0.003929679420889349, N, 1.0, 4111
0.09513033093676193, 0.003928866832092638, N, 1.0, 5325
0.09513033093676193, 0.00392805457928468, N, 1.0, 5398
0.09513033093676193, 0.003927242662257131, N, 1.0, 4642
0.09439100200062778, 0.0039264310808018186, N, 1.0, 6017
0.09439100200062778, 0.003925619834710744, N, 1.0, 2276
0.09439100200062778, 0.003924808923776079, N, 1.0, 3806
0.09439100200062778, 0.00392399834779017, N, 1.0, 9930
0.09439100200062778, 0.0039231881065455295, N, 1.0, 5107
0.09439100200062778, 0.003922378199834847, N, 1.0, 5574
0.09439100200062778, 0.00392156862745098, N, 1.0, 11382
0.09439100200062778, 0.003920759389186958, N, 1.0, 7714
0.09439100200062778, 0.003919950484835981, N, 1.0, 7915
0.09439100200062778, 0.003919141914191419, N, 1.0, 7011
0.09439100200062778, 0.003918333677046814, N, 1.0, 743
0.09439100200062778, 0.003917525773195876, N, 1.0, 8080
0.09439100200062778, 0.003916718202432488, N, 1.0, 5718
0.09439100200062778, 0.0039159109645507005, N, 1.0, 6301
0.09439100200062778, 0.003915104059344735, N, 1.0, 7677
0.09439100200062778, 0.003914297486608982, N, 1.0, 485
0.09439100200062778, 0.003913491246138002, N, 1.0, 1003
0.09439100200062778, 0.003912685337726524, N, 1.0, 11244
0.0936516730644936, 0.003911879761169446, N, 1.0, 2878
0.0936516730644936, 0.003911074516261836, N, 1.0, 4943
0.0936516730644936, 0.00391026960279893, N, 1.0, 3575
0.0936516730644936, 0.003909465020576132, N, 1.0, 6338
0.0936516730644936, 0.003908660769389015, N, 1.0, 10928
0.0936516730644936, 0.00390785684903332, N, 1.0, 2624
0.09291234412835944, 0.003907053259304956, N, 1.0, 3896
0.09031495726392669, 0.00390625, N, 1.0, 5997
0.09031495726392669, 0.0039054470709146967, N, 1.0, 5548
0.09031495726392669, 0.003904644471845458, N, 1.0, 11304
0.09031495726392669, 0.003903842202588864, N, 1.0, 7968
0.09031495726392669, 0.0039030402629416597, N, 1.0, 6767
0.09031495726392669, 0.00390223865270076, N, 1.0, 9611
0.09031495726392669, 0.0039014373716632442, N, 1.0, 6792
0.0895756283277925, 0.00390063641962636, N, 1.0, 2820
0.0895756283277925, 0.0038998357963875205, N, 1.0, 8470
0.0895756283277925, 0.0038990355017443053, N, 1.0, 4700
0.0895756283277925, 0.0038982355354944603, N, 1.0, 9502
0.0895756283277925, 0.0038974358974358976, N, 1.0, 3231
0.0895756283277925, 0.003896636587366694, N, 1.0, 9637
0.0895756283277925, 0.0038958376050850932, N, 1.0, 8731
0.0895756283277925, 0.003895038950389504, N, 1.0, 1894
0.0895756283277925, 0.0038942406230784996, N, 1.0, 8715
0.0895756283277925, 0.00389344262295082, N, 1.0, 9834
0.0895756283277925, 0.003892644949805368, N, 1.0, 8817
0.0895756283277925, 0.0038918476034412127, N, 1.0, 10003
0.0895756283277925, 0.0038910505836575876, N, 1.0, 11005
0.0895756283277925, 0.0038902538902538903, N, 1.0, 1900
0.0895756283277925, 0.0038894575230296827, N, 1.0, 2649
0.0895756283277925, 0.003888661481784691, N, 1.0, 7084
0.0895756283277925, 0.003887865766318805, N, 1.0, 8204
0.0895756283277925, 0.0038870703764320785, N, 1.0, 5098
0.0895756283277925, 0.003886275311924729, N, 1.0, 8249
0.0895756283277925, 0.003885480572597137, N, 1.0, 302
0.0895756283277925, 0.003884686158249847, N, 1.0, 9547
0.08883629939165834, 0.003883892068683565, N, 1.0, 4578
0.08883629939165834, 0.003883098303699162, N, 1.0, 2244
0.08883629939165834, 0.0038823048630976706, N, 1.0, 7946
0.08883629939165834, 0.003881511746680286, N, 1.0, 3929
0.08883629939165834, 0.003880718954248366, N, 1.0, 5379
0.08883629939165834, 0.003879926485603431, N, 1.0, 7501
0.08883629939165834, 0.0038791343405471623, N, 1.0, 9522
0.08883629939165834, 0.0038783425188814043, N, 1.0, 7426
0.08883629939165834, 0.0038775510204081634, N, 1.0, 6820
0.08883629939165834, 0.0038767598449296063, N, 1.0, 3676
0.08883629939165834, 0.003875968992248062, N, 1.0, 10116
0.08883629939165834, 0.0038751784621660207, N, 1.0, 5004
0.08883629939165834, 0.003874388254486134, N, 1.0, 6672
0.08883629939165834, 0.003873598369011213, N, 1.0, 8264
0.08883629939165834, 0.0038728088055442317, N, 1.0, 2371
0.08883629939165834, 0.0038720195638883227, N, 1.0, 3183
0.08883629939165834, 0.003871230643846781, N, 1.0, 8270
0.08883629939165834, 0.0038704420452230597, N, 1.0, 8356
0.08883629939165834, 0.003869653767820774, N, 1.0, 8052
0.08883629939165834, 0.003868865811443698, N, 1.0, 3719
0.08883629939165834, 0.0038680781758957655, N, 1.0, 7235
0.08883629939165834, 0.0038672908609810705, N, 1.0, 62
0.08883629939165834, 0.0038665038665038664, N, 1.0, 3732
0.08883629939165834, 0.0038657171922685655, N, 1.0, 10078
0.08883629939165834, 0.0038649308380797396, N, 1.0, 10582
0.08883629939165834, 0.003864144803742119, N, 1.0, 3702
0.08883629939165834, 0.0038633590890605938, N, 1.0, 6499
0.08883629939165834, 0.0038625736938402116, N, 1.0, 7893
0.08883629939165834, 0.003861788617886179, N, 1.0, 1214
0.08883629939165834, 0.003861003861003861, N, 1.0, 8057
0.08809697045552417, 0.0038602194229987808, N, 1.0, 9367
0.08809697045552417, 0.00385943530367662, N, 1.0, 4777
0.08809697045552417, 0.003858651502843217, N, 1.0, 5607
0.08809697045552417, 0.0038578680203045683, N, 1.0, 2752
0.08809697045552417, 0.003857084855866829, N, 1.0, 5898
0.08809697045552417, 0.00385630200933631, N, 1.0, 6561
0.08809697045552417, 0.0038555194805194805, N, 1.0, 8400
0.08809697045552417, 0.003854737269222966, N, 1.0, 3827
0.08809697045552417, 0.0038539553752535496, N, 1.0, 4902
0.08809697045552417, 0.0038531737984181707, N, 1.0, 7446
0.08809697045552417, 0.0038523925385239256, N, 1.0, 10983
0.08809697045552417, 0.003851611595378066, N, 1.0, 10999
0.08809697045552417, 0.0038508309687880016, N, 1.0, 6223
0.08809697045552417, 0.003850050658561297, N, 1.0, 3812
0.08809697045552417, 0.0038492706645056724, N, 1.0, 9504
0.08809697045552417, 0.0038484909864290053, N, 1.0, 4746
0.08809697045552417, 0.0038477116241393276, N, 1.0, 5108
0.08809697045552417, 0.0038469325774448267, N, 1.0, 1760
0.08809697045552417, 0.0038461538461538464, N, 1.0, 6923
0.08809697045552417, 0.0038453754300748835, N, 1.0, 7374
0.08809697045552417, 0.0038445973290165926, N, 1.0, 2848
0.08809697045552417, 0.0038438195427877805, N, 1.0, 2757
0.08809697045552417, 0.003843042071197411, N, 1.0, 9210
0.08809697045552417, 0.0038422649140546004, N, 1.0, 10578
0.08809697045552417, 0.003841488071168621, N, 1.0, 6430
0.08809697045552417, 0.003840711542348898, N, 1.0, 8079
0.08809697045552417, 0.003839935327405012, N, 1.0, 3616
0.08809697045552417, 0.0038391594261466965, N, 1.0, 9393
0.08809697045552417, 0.0038383838383838384, N, 1.0, 11268
0.08809697045552417, 0.0038376085639264795, N, 1.0, 9323
0.08809697045552417, 0.003836833602584814, N, 1.0, 9375
0.08809697045552417, 0.0038360589541691905, N, 1.0, 4406
0.08809697045552417, 0.003835284618490109, N, 1.0, 5471
0.08809697045552417, 0.003834510595358224, N, 1.0, 6188
0.08809697045552417, 0.0038337368845843423, N, 1.0, 5811
0.08809697045552417, 0.003832963485979423, N, 1.0, 4148
0.08809697045552417, 0.0038321903993545786, N, 1.0, 1237
0.08809697045552417, 0.0038314176245210726, N, 1.0, 1431
0.08809697045552417, 0.0038306451612903224, N, 1.0, 6303
0.08809697045552417, 0.003829873009473896, N, 1.0, 6484
0.08809697045552417, 0.0038291011688835145, N, 1.0, 6261
0.08809697045552417, 0.0038283296393310496, N, 1.0, 7531
0.08735764151939, 0.0038275584206285255, N, 1.0, 5569
0.08735764151939, 0.003826787512588117, N, 1.0, 10271
0.08735764151939, 0.0038260169150221507, N, 1.0, 5190
0.08735764151939, 0.0038252466277431045, N, 1.0, 5836
0.08735764151939, 0.003824476650563607, N, 1.0, 7533
0.08735764151939, 0.003823706983296438, N, 1.0, 2655
0.08735764151939, 0.003822937625754527, N, 1.0, 3858
0.08735764151939, 0.0038221685777509555, N, 1.0, 9667
0.08735764151939, 0.003821399839098954, N, 1.0, 11145
0.08735764151939, 0.0038206314096119044, N, 1.0, 6668
0.08735764151939, 0.0038198632891033374, N, 1.0, 9051
0.08735764151939, 0.003819095477386935, N, 1.0, 5295
0.08735764151939, 0.0038183279742765273, N, 1.0, 11131
0.08735764151939, 0.003817560779586096, N, 1.0, 2754
0.08735764151939, 0.003816793893129771, N, 1.0, 10309
0.08735764151939, 0.0038160273147218315, N, 1.0, 7639
0.08735764151939, 0.003815261044176707, N, 1.0, 8920
0.08735764151939, 0.003814495081308974, N, 1.0, 5699
0.08735764151939, 0.0038137294259333603, N, 1.0, 6248
0.08735764151939, 0.00381296407786474, N, 1.0, 2473
0.08735764151939, 0.003812199036918138, N, 1.0, 285
0.08735764151939, 0.003811434302908726, N, 1.0, 7847
0.08735764151939, 0.003810669875651825, N, 1.0, 8158
0.08735764151939, 0.0038099057549629035, N, 1.0, 11266
0.08735764151939, 0.003809141940657578, N, 1.0, 8160
0.08735764151939, 0.0038083784325516137, N, 1.0, 2986
0.08735764151939, 0.003807615230460922, N, 1.0, 6552
0.08735764151939, 0.003806852334201563, N, 1.0, 3243
0.08735764151939, 0.0038060897435897435, N, 1.0, 3125
0.08661831258325582, 0.0038053274584418186, N, 1.0, 246
0.08661831258325582, 0.0038045654785742893, N, 1.0, 5233
0.08661831258325582, 0.0038038038038038036, N, 1.0, 10587
0.08661831258325582, 0.0038030424339471577, N, 1.0, 2277
0.08661831258325582, 0.0038022813688212928, N, 1.0, 7389
0.08661831258325582, 0.0038015206082432974, N, 1.0, 8375
0.08661831258325582, 0.003800760152030406, N, 1.0, 7638
0.08661831258325582, 0.0038, N, 1.0, 4903
0.08661831258325582, 0.003799240151969606, N, 1.0, 1439
0.08661831258325582, 0.0037984806077568972, N, 1.0, 8049
0.08661831258325582, 0.003797721367179692, N, 1.0, 4206
0.08661831258325582, 0.0037969624300559553, N, 1.0, 763
0.08661831258325582, 0.003796203796203796, N, 1.0, 8184
0.08587898364712165, 0.0037954454654414702, N, 1.0, 4882
0.08587898364712165, 0.0037946874375873775, N, 1.0, 9710
0.08587898364712165, 0.0037939297124600637, N, 1.0, 6627
0.08587898364712165, 0.003793172289878219, N, 1.0, 8798
0.08587898364712165, 0.0037924151696606787, N, 1.0, 2774
0.08587898364712165, 0.003791658351626422, N, 1.0, 7988
0.08328159678268891, 0.003790901835594573, N, 1.0, 9279
0.08328159678268891, 0.0037901456213844005, N, 1.0, 4665
0.08328159678268891, 0.003789389708815317, N, 1.0, 7544
0.08254226784655475, 0.0037886340977068794, N, 1.0, 6936
0.08254226784655475, 0.003787878787878788, N, 1.0, 2579
0.08254226784655475, 0.003787123779150887, N, 1.0, 137
0.08254226784655475, 0.003786369071343165, N, 1.0, 5314
0.08254226784655475, 0.003785614664275752, N, 1.0, 5745
0.08254226784655475, 0.0037848605577689245, N, 1.0, 4800
0.08254226784655475, 0.003784106751643099, N, 1.0, 2049
0.08254226784655475, 0.003783353245718837, N, 1.0, 2605
0.08254226784655475, 0.0037826000398168426, N, 1.0, 5934
0.08254226784655475, 0.003781847133757962, N, 1.0, 7578
0.08254226784655475, 0.003781094527363184, N, 1.0, 7129
0.08254226784655475, 0.003780342220453641, N, 1.0, 4713
0.08254226784655475, 0.0037795902128506067, N, 1.0, 4370
0.08254226784655475, 0.003778838504375497, N, 1.0, 437
0.08254226784655475, 0.003778087094849871, N, 1.0, 6399
0.08254226784655475, 0.0037773359840954273, N, 1.0, 9084
0.08254226784655475, 0.003776585171934009, N, 1.0, 9994
0.08254226784655475, 0.0037758346581875995, N, 1.0, 6104
0.08180293891042056, 0.003775084442678323, N, 1.0, 8393
0.08180293891042056, 0.0037743345252284465, N, 1.0, 8944
0.08180293891042056, 0.0037735849056603774, N, 1.0, 6559
0.08180293891042056, 0.003772835583796664, N, 1.0, 2641
0.08180293891042056, 0.003772086559459996, N, 1.0, 3590
0.08180293891042056, 0.0037713378324732037, N, 1.0, 3022
0.08180293891042056, 0.003770589402659258, N, 1.0, 5653
0.08180293891042056, 0.00376984126984127, N, 1.0, 3691
0.08180293891042056, 0.0037690934338424917, N, 1.0, 10390
0.08180293891042056, 0.003768345894486315, N, 1.0, 5687
0.08180293891042056, 0.003767598651596272, N, 1.0, 309
0.08180293891042056, 0.003766851704996035, N, 1.0, 754
0.08180293891042056, 0.0037661050545094153, N, 1.0, 5356
0.08180293891042056, 0.0037653586999603647, N, 1.0, 1124
0.08180293891042056, 0.003764612641172974, N, 1.0, 8073
0.08180293891042056, 0.003763866877971474, N, 1.0, 997
0.08180293891042056, 0.003763121410180234, N, 1.0, 4874
0.08180293891042056, 0.0037623762376237622, N, 1.0, 6548
0.08180293891042056, 0.0037616313601267076, N, 1.0, 5752
0.08180293891042056, 0.003760886777513856, N, 1.0, 7469
0.08180293891042056, 0.0037601424896101326, N, 1.0, 10600
0.08180293891042056, 0.0037593984962406013, N, 1.0, 4403
0.08180293891042056, 0.003758654797230465, N, 1.0, 10093
0.08180293891042056, 0.0037579113924050634, N, 1.0, 10295
0.08180293891042056, 0.0037571682815898755, N, 1.0, 6117
0.08180293891042056, 0.003756425464610518, N, 1.0, 2162
0.08180293891042056, 0.0037556829412927458, N, 1.0, 28
0.08180293891042056, 0.0037549407114624506, N, 1.0, 8082
0.08180293891042056, 0.003754198774945663, N, 1.0, 3784
0.08180293891042056, 0.00375345713156855, N, 1.0, 4162
0.08180293891042056, 0.0037527157811574167, N, 1.0, 9905
0.08180293891042056, 0.0037519747235387046, N, 1.0, 6933
0.08180293891042056, 0.003751233958538993, N, 1.0, 8169
0.08180293891042056, 0.003750493485984998, N, 1.0, 2415
0.08106360997428638, 0.003749753305703572, N, 1.0, 4218
0.08106360997428638, 0.003749013417521705, N, 1.0, 2917
0.08106360997428638, 0.003748273821266522, N, 1.0, 3856
0.08106360997428638, 0.003747534516765286, N, 1.0, 735
0.08106360997428638, 0.0037467955038453953, N, 1.0, 6534
0.08106360997428638, 0.003746056782334385, N, 1.0, 113
0.08106360997428638, 0.003745318352059925, N, 1.0, 3620
0.08106360997428638, 0.003744580212849823, N, 1.0, 10111
0.08106360997428638, 0.00374384236453202, N, 1.0, 6437
0.08106360997428638, 0.0037431048069345944, N, 1.0, 9133
0.08106360997428638, 0.0037423675398857593, N, 1.0, 1654
0.08106360997428638, 0.0037416305632138637, N, 1.0, 7203
0.08106360997428638, 0.003740893876747391, N, 1.0, 96
0.08106360997428638, 0.0037401574803149606, N, 1.0, 5928
0.08106360997428638, 0.0037394213737453256, N, 1.0, 1348
0.08106360997428638, 0.003738685556867375, N, 1.0, 5478
0.08106360997428638, 0.0037379500295101316, N, 1.0, 8743
0.08106360997428638, 0.003737214791502754, N, 1.0, 4947
0.08106360997428638, 0.003736479842674533, N, 1.0, 7052
0.08106360997428638, 0.0037357451828548957, N, 1.0, 994
0.08106360997428638, 0.0037350108118734027, N, 1.0, 6589
0.08106360997428638, 0.0037342767295597485, N, 1.0, 7522
0.08106360997428638, 0.003733542935743761, N, 1.0, 715
0.08106360997428638, 0.0037328094302554026, N, 1.0, 10397
0.08106360997428638, 0.0037320762129247694, N, 1.0, 2755
0.08106360997428638, 0.0037313432835820895, N, 1.0, 2332
0.08106360997428638, 0.003730610642057726, N, 1.0, 2436
0.08106360997428638, 0.003729878288182175, N, 1.0, 4606
0.08106360997428638, 0.003729146221786065, N, 1.0, 2141
0.08106360997428638, 0.003728414442700157, N, 1.0, 3580
0.08106360997428638, 0.0037276829507553464, N, 1.0, 8777
0.08106360997428638, 0.00372695174578266, N, 1.0, 4887
0.08106360997428638, 0.0037262208276132576, N, 1.0, 6208
0.08106360997428638, 0.0037254901960784314, N, 1.0, 11265
0.08106360997428638, 0.003724759851009606, N, 1.0, 2849
0.08106360997428638, 0.003724029792238338, N, 1.0, 5263
0.08106360997428638, 0.003723300019596316, N, 1.0, 7076
0.08106360997428638, 0.0037225705329153604, N, 1.0, 4693
0.08106360997428638, 0.0037218413320274243, N, 1.0, 10986
0.08106360997428638, 0.0037211124167645907, N, 1.0, 6550
0.08106360997428638, 0.003720383786959076, N, 1.0, 9247
0.08106360997428638, 0.0037196554424432263, N, 1.0, 1146
0.08106360997428638, 0.0037189273830495204, N, 1.0, 7212
0.08106360997428638, 0.0037181996086105675, N, 1.0, 8840
0.08106360997428638, 0.0037174721189591076, N, 1.0, 981
0.08106360997428638, 0.0037167449139280124, N, 1.0, 3383
0.08106360997428638, 0.0037160179933502834, N, 1.0, 8924
0.08106360997428638, 0.0037152913570590537, N, 1.0, 5679
0.08106360997428638, 0.0037145650048875855, N, 1.0, 2778
0.08106360997428638, 0.003713838936669273, N, 1.0, 4352
0.08106360997428638, 0.0037131131522376393, N, 1.0, 6662
0.08106360997428638, 0.0037123876514263384, N, 1.0, 2764
0.08106360997428638, 0.003711662434069154, N, 1.0, 11284
0.08106360997428638, 0.0037109375, N, 1.0, 6558
0.08106360997428638, 0.003710212849052919, N, 1.0, 3887
0.08032428103815223, 0.003709488481062085, N, 1.0, 4166
0.08032428103815223, 0.0037087643958617997, N, 1.0, 4392
0.08032428103815223, 0.003708040593286495, N, 1.0, 8756
0.08032428103815223, 0.0037073170731707315, N, 1.0, 7346
0.08032428103815223, 0.0037065938353492, N, 1.0, 653
0.08032428103815223, 0.0037058708796567194, N, 1.0, 1217
0.08032428103815223, 0.0037051482059282373, N, 1.0, 6607
0.08032428103815223, 0.00370442581399883, N, 1.0, 7520
0.08032428103815223, 0.003703703703703704, N, 1.0, 371
0.08032428103815223, 0.0037029818748781913, N, 1.0, 9110
0.08032428103815223, 0.0037022603273577552, N, 1.0, 7547
0.08032428103815223, 0.0037015390609779855, N, 1.0, 2879
0.08032428103815223, 0.0037008180755746006, N, 1.0, 10792
0.08032428103815223, 0.003700097370983447, N, 1.0, 10922
0.08032428103815223, 0.0036993769470404984, N, 1.0, 2139
0.08032428103815223, 0.003698656803581857, N, 1.0, 8402
0.08032428103815223, 0.0036979369404437526, N, 1.0, 6922
0.08032428103815223, 0.0036972173574625414, N, 1.0, 1109
0.08032428103815223, 0.003696498054474708, N, 1.0, 8242
0.08032428103815223, 0.0036957790313168646, N, 1.0, 2296
0.08032428103815223, 0.003695060287825749, N, 1.0, 11149
0.08032428103815223, 0.0036943418238382267, N, 1.0, 5596
0.08032428103815223, 0.0036936236391912907, N, 1.0, 7914
0.08032428103815223, 0.0036929057337220603, N, 1.0, 9137
0.08032428103815223, 0.003692188107267781, N, 1.0, 7393
0.08032428103815223, 0.0036914707596658247, N, 1.0, 10856
0.08032428103815223, 0.003690753690753691, N, 1.0, 783
0.08032428103815223, 0.0036900369003690036, N, 1.0, 5600
0.08032428103815223, 0.0036893203883495147, N, 1.0, 613
0.08032428103815223, 0.0036886041545331006, N, 1.0, 902
0.08032428103815223, 0.003687888198757764, N, 1.0, 3242
0.08032428103815223, 0.003687172520861634, N, 1.0, 8332
0.08032428103815223, 0.0036864571206829647, N, 1.0, 8905
0.08032428103815223, 0.0036857419980601356, N, 1.0, 5660
0.08032428103815223, 0.0036850271528316523, N, 1.0, 8287
0.08032428103815223, 0.003684312584836145, N, 1.0, 8699
0.08032428103815223, 0.003683598293912369, N, 1.0, 4863
0.08032428103815223, 0.0036828842798992054, N, 1.0, 5504
0.08032428103815223, 0.003682170542635659, N, 1.0, 417
0.08032428103815223, 0.0036814570819608604, N, 1.0, 5284
0.08032428103815223, 0.0036807438977140643, N, 1.0, 11156
0.08032428103815223, 0.0036800309897346505, N, 1.0, 1411
0.08032428103815223, 0.0036793183578621223, N, 1.0, 5038
0.08032428103815223, 0.0036786060019361085, N, 1.0, 6710
0.08032428103815223, 0.003677893921796361, N, 1.0, 5225
0.08032428103815223, 0.0036771821172827557, N, 1.0, 7381
0.08032428103815223, 0.003676470588235294, N, 1.0, 2505
0.08032428103815223, 0.0036757593344940993, N, 1.0, 8754
0.08032428103815223, 0.0036750483558994195, N, 1.0, 8927
0.08032428103815223, 0.0036743376522916263, N, 1.0, 9883
0.08032428103815223, 0.0036736272235112144, N, 1.0, 73
0.07958495210201805, 0.0036729170693988013, N, 1.0, 8187
0.07958495210201805, 0.0036722071897951295, N, 1.0, 7770
0.07958495210201805, 0.003671497584541063, N, 1.0, 8630
0.07958495210201805, 0.0036707882534775887, N, 1.0, 3531
0.07958495210201805, 0.003670079196445818, N, 1.0, 8917
0.07958495210201805, 0.0036693704132869836, N, 1.0, 9844
0.07958495210201805, 0.0036686619038424407, N, 1.0, 8518
0.07958495210201805, 0.003667953667953668, N, 1.0, 1278
0.07958495210201805, 0.003667245705462266, N, 1.0, 938
0.07958495210201805, 0.0036665380162099574, N, 1.0, 100
0.07958495210201805, 0.0036658306000385875, N, 1.0, 7882
0.07958495210201805, 0.0036651234567901233, N, 1.0, 2646
0.07958495210201805, 0.0036644165863066536, N, 1.0, 6491
0.07958495210201805, 0.0036637099884303894, N, 1.0, 1991
0.07958495210201805, 0.003663003663003663, N, 1.0, 4421
0.07958495210201805, 0.0036622976098689285, N, 1.0, 5392
0.07958495210201805, 0.003661591828868761, N, 1.0, 6346
0.07958495210201805, 0.0036608863198458576, N, 1.0, 6752
0.07958495210201805, 0.003660181082643036, N, 1.0, 11242
0.07958495210201805, 0.0036594761171032356, N, 1.0, 6601
0.07958495210201805, 0.003658771423069517, N, 1.0, 7562
0.07884562316588388, 0.0036580670003850597, N, 1.0, 9890
0.07884562316588388, 0.0036573628488931666, N, 1.0, 6165
0.0781062942297497, 0.0036566589684372593, N, 1.0, 3791
0.0781062942297497, 0.0036559553588608813, N, 1.0, 8348
0.0781062942297497, 0.0036552520200076955, N, 1.0, 4749
0.0781062942297497, 0.0036545489517214847, N, 1.0, 4408
0.07624823630145114, 0.003653846153846154, N, 1.0, 7177
0.07550890736531696, 0.003653143626225726, N, 1.0, 4972
0.07550890736531696, 0.0036524413687043446, N, 1.0, 2610
0.07550890736531696, 0.003651739381126273, N, 1.0, 1290
0.07550890736531696, 0.0036510376633358955, N, 1.0, 6217
0.07550890736531696, 0.003650336215177714, N, 1.0, 4082
0.07550890736531696, 0.0036496350364963502, N, 1.0, 6361
0.07550890736531696, 0.003648934127136547, N, 1.0, 9668
0.07550890736531696, 0.0036482334869431645, N, 1.0, 7221
0.07550890736531696, 0.0036475331157611824, N, 1.0, 4513
0.07550890736531696, 0.0036468330134357004, N, 1.0, 5425
0.07550890736531696, 0.0036461331798119364, N, 1.0, 5711
0.07550890736531696, 0.0036454336147352263, N, 1.0, 7656
0.07550890736531696, 0.0036447343180510262, N, 1.0, 8563
0.07550890736531696, 0.00364403528960491, N, 1.0, 9507
0.07550890736531696, 0.0036433365292425695, N, 1.0, 6027
0.07550890736531696, 0.0036426380368098157, N, 1.0, 4075
0.07476957842918279, 0.003641939812152578, N, 1.0, 5789
0.07476957842918279, 0.003641241855116903, N, 1.0, 5437
0.07476957842918279, 0.003640544165548956, N, 1.0, 9684
0.07476957842918279, 0.0036398467432950193, N, 1.0, 8024
0.07476957842918279, 0.003639149588201494, N, 1.0, 3420
0.07476957842918279, 0.0036384527001148987, N, 1.0, 10816
0.07476957842918279, 0.0036377560788818687, N, 1.0, 4359
0.07476957842918279, 0.0036370597243491577, N, 1.0, 6381
0.07476957842918279, 0.0036363636363636364, N, 1.0, 1219
0.07476957842918279, 0.0036356678147722926, N, 1.0, 8774
0.07476957842918279, 0.003634972259422231, N, 1.0, 6113
0.07476957842918279, 0.0036342769701606732, N, 1.0, 9358
0.07476957842918279, 0.003633581946834959, N, 1.0, 8504
0.07476957842918279, 0.003632887189292543, N, 1.0, 10400
0.07476957842918279, 0.003632192697380998, N, 1.0, 6878
0.07476957842918279, 0.0036314984709480123, N, 1.0, 8200
0.07476957842918279, 0.003630804509841391, N, 1.0, 5018
0.07476957842918279, 0.0036301108139090562, N, 1.0, 5005
0.07476957842918279, 0.003629417382999045, N, 1.0, 2030
0.07476957842918279, 0.003628724216959511, N, 1.0, 11253
0.07476957842918279, 0.0036280313156387247, N, 1.0, 9009
0.07476957842918279, 0.0036273386788850705, N, 1.0, 2606
0.07476957842918279, 0.003626646306547051, N, 1.0, 7717
0.07476957842918279, 0.0036259541984732823, N, 1.0, 7624
0.07476957842918279, 0.0036252623545124977, N, 1.0, 11384
0.07476957842918279, 0.0036245707745135446, N, 1.0, 8141
0.07476957842918279, 0.0036238794583253863, N, 1.0, 4892
0.07476957842918279, 0.0036231884057971015, N, 1.0, 5431
0.07476957842918279, 0.0036224976167778837, N, 1.0, 7975
0.07476957842918279, 0.0036218070911170418, N, 1.0, 3016
0.07476957842918279, 0.0036211168286639983, N, 1.0, 335
0.07476957842918279, 0.003620426829268293, N, 1.0, 1100
0.07476957842918279, 0.003619737092779577, N, 1.0, 6150
0.07476957842918279, 0.003619047619047619, N, 1.0, 7148
0.07476957842918279, 0.0036183584079223004, N, 1.0, 8957
0.07476957842918279, 0.0036176694592536178, N, 1.0, 4046
0.07403024949304861, 0.003616980772891681, N, 1.0, 1152
0.07403024949304861, 0.003616292348686715, N, 1.0, 840
0.07403024949304861, 0.003615604186489058, N, 1.0, 9379
0.07403024949304861, 0.0036149162861491627, N, 1.0, 10389
0.07403024949304861, 0.0036142286475175957, N, 1.0, 3708
0.07403024949304861, 0.0036135412704450362, N, 1.0, 7879
0.07403024949304861, 0.003612854154782278, N, 1.0, 477
0.07403024949304861, 0.003612167300380228, N, 1.0, 1084
0.07403024949304861, 0.003611480707089907, N, 1.0, 3949
0.07403024949304861, 0.0036107943747624477, N, 1.0, 10967
0.07403024949304861, 0.0036101083032490976, N, 1.0, 6584
0.07403024949304861, 0.003609422492401216, N, 1.0, 2920
0.07403024949304861, 0.0036087369420702755, N, 1.0, 9399
0.07403024949304861, 0.0036080516521078618, N, 1.0, 9605
0.07403024949304861, 0.003607366622365673, N, 1.0, 6468
0.07403024949304861, 0.00360668185269552, N, 1.0, 6761
0.07403024949304861, 0.003605997342949326, N, 1.0, 9798
0.07403024949304861, 0.003605313092979127, N, 1.0, 9004
0.07403024949304861, 0.003604629102637071, N, 1.0, 813
0.07403024949304861, 0.003603945371775417, N, 1.0, 4532
0.07403024949304861, 0.003603261900246539, N, 1.0, 5388
0.07403024949304861, 0.00360257868790292, N, 1.0, 2406
0.07403024949304861, 0.0036018957345971565, N, 1.0, 2704
0.07403024949304861, 0.003601213040181956, N, 1.0, 2869
0.07403024949304861, 0.0036005306045101384, N, 1.0, 5409
0.07403024949304861, 0.0035998484274346342, N, 1.0, 5516
0.07403024949304861, 0.0035991665088084867, N, 1.0, 6547
0.07403024949304861, 0.0035984848484848487, N, 1.0, 4670
0.07403024949304861, 0.0035978034463169852, N, 1.0, 5030
0.07403024949304861, 0.0035971223021582736, N, 1.0, 9097
0.07403024949304861, 0.0035964414158621994, N, 1.0, 4246
0.07403024949304861, 0.003595760787282362, N, 1.0, 8477
0.07403024949304861, 0.0035950804162724692, N, 1.0, 10544
0.07403024949304861, 0.0035944003026863415, N, 1.0, 6070
0.07403024949304861, 0.003593720446377908, N, 1.0, 6228
0.07403024949304861, 0.0035930408472012103, N, 1.0, 10857
0.07403024949304861, 0.003592361505010399, N, 1.0, 5903
0.07403024949304861, 0.0035916824196597355, N, 1.0, 7058
0.07403024949304861, 0.003591003591003591, N, 1.0, 9266
0.07403024949304861, 0.0035903250188964475, N, 1.0, 4984
0.07403024949304861, 0.0035896467031928964, N, 1.0, 2409
0.07403024949304861, 0.0035889686437476386, N, 1.0, 1393
0.07403024949304861, 0.0035882908404154864, N, 1.0, 10987
0.07403024949304861, 0.0035876132930513596, N, 1.0, 11037
0.07403024949304861, 0.0035869360015102886, N, 1.0, 9702
0.07403024949304861, 0.003586258965647414, N, 1.0, 10298
0.07403024949304861, 0.0035855821853179844, N, 1.0, 5566
0.07403024949304861, 0.0035849056603773585, N, 1.0, 6598
0.07403024949304861, 0.0035842293906810036, N, 1.0, 4697
0.07403024949304861, 0.0035835533760844966, N, 1.0, 4752
0.07403024949304861, 0.0035828776164435225, N, 1.0, 9969
0.07403024949304861, 0.003582202111613876, N, 1.0, 5845
0.07403024949304861, 0.0035815268614514608, N, 1.0, 11405
0.07403024949304861, 0.003580851865812288, N, 1.0, 7720
0.07403024949304861, 0.003580177124552478, N, 1.0, 7977
0.07403024949304861, 0.0035795026375282594, N, 1.0, 8103
0.07403024949304861, 0.003578828404595969, N, 1.0, 7216
0.07403024949304861, 0.0035781544256120526, N, 1.0, 7114
0.07403024949304861, 0.0035774807004330636, N, 1.0, 3687
0.07403024949304861, 0.0035768072289156625, N, 1.0, 3325
0.07403024949304861, 0.0035761340109166195, N, 1.0, 9145
0.07403024949304861, 0.0035754610462928114, N, 1.0, 10406
0.07403024949304861, 0.003574788334901223, N, 1.0, 7017
0.07403024949304861, 0.0035741158765989467, N, 1.0, 9236
0.07403024949304861, 0.003573443671243182, N, 1.0, 4699
0.07403024949304861, 0.0035727717186912374, N, 1.0, 5588
0.07329092055691444, 0.0035721000188005266, N, 1.0, 6287
0.07329092055691444, 0.0035714285714285713, N, 1.0, 11285
0.07329092055691444, 0.0035707573764330014, N, 1.0, 3229
0.07329092055691444, 0.003570086433671552, N, 1.0, 9952
0.07329092055691444, 0.0035694157430020664, N, 1.0, 5527
0.07329092055691444, 0.0035687453042824945, N, 1.0, 3303
0.07329092055691444, 0.003568075117370892, N, 1.0, 1153
0.07329092055691444, 0.0035674051821254224, N, 1.0, 5546
0.07329092055691444, 0.0035667354984043552, N, 1.0, 9150
0.07329092055691444, 0.003566066066066066, N, 1.0, 11091
0.07329092055691444, 0.0035653968849690375, N, 1.0, 7178
0.07329092055691444, 0.0035647279549718574, N, 1.0, 3792
0.07329092055691444, 0.0035640592759332208, N, 1.0, 10699
0.07329092055691444, 0.003563390847711928, N, 1.0, 8173
0.07329092055691444, 0.0035627226701668855, N, 1.0, 8296
0.07329092055691444, 0.0035620547431571056, N, 1.0, 846
0.07329092055691444, 0.003561387066541706, N, 1.0, 7881
0.07329092055691444, 0.00356071964017991, N, 1.0, 8897
0.07329092055691444, 0.0035600524639310474, N, 1.0, 10590
0.07329092055691444, 0.0035593855376545524, N, 1.0, 5654
0.07329092055691444, 0.0035587188612099642, N, 1.0, 10998
0.07329092055691444, 0.0035580524344569287, N, 1.0, 6307
0.07329092055691444, 0.0035573862572551955, N, 1.0, 3288
0.07329092055691444, 0.00355672032946462, N, 1.0, 4204
0.07329092055691444, 0.003556054650945162, N, 1.0, 4587
0.07329092055691444, 0.003555389221556886, N, 1.0, 5594
0.07329092055691444, 0.0035547240411599626, N, 1.0, 6802
0.07329092055691444, 0.003554059109614665, N, 1.0, 2128
0.07329092055691444, 0.003553394426781373, N, 1.0, 8761
0.07329092055691444, 0.0035527299925205685, N, 1.0, 10577
0.07329092055691444, 0.0035520658066928398, N, 1.0, 3289
0.07329092055691444, 0.0035514018691588786, N, 1.0, 3988
0.07329092055691444, 0.0035507381797794803, N, 1.0, 976
0.07329092055691444, 0.0035500747384155456, N, 1.0, 4437
0.07329092055691444, 0.0035494115449280776, N, 1.0, 6865
0.07329092055691444, 0.0035487485991781845, N, 1.0, 6594
0.07329092055691444, 0.0035480859010270775, N, 1.0, 220
0.07329092055691444, 0.003547423450336072, N, 1.0, 9505
0.07329092055691444, 0.003546761246966586, N, 1.0, 5110
0.07329092055691444, 0.0035460992907801418, N, 1.0, 8749
0.07329092055691444, 0.0035454375816383653, N, 1.0, 1373
0.07329092055691444, 0.0035447761194029852, N, 1.0, 5390
0.07329092055691444, 0.003544114903935833, N, 1.0, 106
0.07329092055691444, 0.0035434539350988436, N, 1.0, 10534
0.07329092055691444, 0.0035427932127540555, N, 1.0, 7164
0.07329092055691444, 0.0035421327367636092, N, 1.0, 1932
0.07329092055691444, 0.0035414725069897483, N, 1.0, 10546
0.07329092055691444, 0.0035408125232948193, N, 1.0, 27
0.07329092055691444, 0.003540152785541271, N, 1.0, 6597
0.07329092055691444, 0.0035394932935916544, N, 1.0, 5223
0.07329092055691444, 0.0035388340473086234, N, 1.0, 2032
0.07329092055691444, 0.003538175046554935, N, 1.0, 378
0.07329092055691444, 0.003537516291193446, N, 1.0, 6329
0.07329092055691444, 0.003536857781087118, N, 1.0, 10138
0.07329092055691444, 0.0035361995160990136, N, 1.0, 8182
0.07329092055691444, 0.0035355414960922963, N, 1.0, 9442
0.07329092055691444, 0.0035348837209302326, N, 1.0, 2532
0.07329092055691444, 0.0035342261904761905, N, 1.0, 819
0.07329092055691444, 0.0035335689045936395, N, 1.0, 1098
0.07329092055691444, 0.003532911863146151, N, 1.0, 1767
0.07329092055691444, 0.0035322550659973974, N, 1.0, 2209
0.07329092055691444, 0.0035315985130111526, N, 1.0, 11124
0.07329092055691444, 0.0035309422040512915, N, 1.0, 6279
0.07329092055691444, 0.003530286138981791, N, 1.0, 909
0.07329092055691444, 0.0035296303176667286, N, 1.0, 4754
0.07329092055691444, 0.0035289747399702824, N, 1.0, 6078
0.07329092055691444, 0.003528319405756732, N, 1.0, 94
0.07329092055691444, 0.003527664314890457, N, 1.0, 4235
0.07329092055691444, 0.0035270094672359385, N, 1.0, 4575
0.07329092055691444, 0.003526354862657758, N, 1.0, 10065
0.07329092055691444, 0.0035257005010205975, N, 1.0, 6795
0.07329092055691444, 0.0035250463821892395, N, 1.0, 764
0.07255159162078027, 0.003524392506028566, N, 1.0, 11272
0.07255159162078027, 0.0035237388724035606, N, 1.0, 10981
0.07255159162078027, 0.0035230854811793065, N, 1.0, 4151
0.07255159162078027, 0.0035224323322209862, N, 1.0, 1906
0.07255159162078027, 0.0035217794253938834, N, 1.0, 6488
0.07255159162078027, 0.0035211267605633804, N, 1.0, 2770
0.07255159162078027, 0.0035204743375949602, N, 1.0, 9240
0.07255159162078027, 0.0035198221563542053, N, 1.0, 6570
0.07255159162078027, 0.0035191702167067978, N, 1.0, 4664
0.07255159162078027, 0.0035185185185185185, N, 1.0, 2656
0.07255159162078027, 0.003517867061655249, N, 1.0, 9384
0.07255159162078027, 0.003517215845982969, N, 1.0, 10719
0.07255159162078027, 0.0035165648713677586, N, 1.0, 1696
0.07255159162078027, 0.003515914137675796, N, 1.0, 10853
0.07255159162078027, 0.003515263644773358, N, 1.0, 8283
0.07255159162078027, 0.003514613392526822, N, 1.0, 374
0.07255159162078027, 0.0035139633808026634, N, 1.0, 7969
0.07255159162078027, 0.0035133136094674558, N, 1.0, 5199
0.07255159162078027, 0.003512664078387872, N, 1.0, 3238
0.07255159162078027, 0.003512014787430684, N, 1.0, 240
0.07255159162078027, 0.0035113657364627612, N, 1.0, 2660
0.07255159162078027, 0.003510716925351072, N, 1.0, 3815
0.07255159162078027, 0.0035100683539626824, N, 1.0, 4025
0.07255159162078027, 0.003509420022164758, N, 1.0, 11139
0.07255159162078027, 0.0035087719298245615, N, 1.0, 8118
0.07255159162078027, 0.0035081240768094534, N, 1.0, 6256
0.07255159162078027, 0.003507476462986893, N, 1.0, 9364
0.07255159162078027, 0.0035068290882244372, N, 1.0, 4495
0.07255159162078027, 0.0035061819523897397, N, 1.0, 6257
0.07255159162078027, 0.0035055350553505533, N, 1.0, 7293
0.07255159162078027, 0.003504888396974728, N, 1.0, 8514
0.07255159162078027, 0.0035042419771302105, N, 1.0, 2134
0.07255159162078027, 0.003503595795685045, N, 1.0, 10583
0.07255159162078027, 0.0035029498525073746, N, 1.0, 11387
0.07255159162078027, 0.003502304147465438, N, 1.0, 7811
0.07255159162078027, 0.003501658680427571, N, 1.0, 1918
0.07255159162078027, 0.0035010134512622076, N, 1.0, 11158
0.0718122626846461, 0.0035003684598378776, N, 1.0, 6085
0.0718122626846461, 0.003499723706023209, N, 1.0, 9115
0.0718122626846461, 0.0034990791896869246, N, 1.0, 4883
0.0718122626846461, 0.0034984349106978456, N, 1.0, 11411
0.0718122626846461, 0.0034977908689248897, N, 1.0, 3194
0.0718122626846461, 0.0034971470642370696, N, 1.0, 5670
0.0718122626846461, 0.0034965034965034965, N, 1.0, 4190
0.0718122626846461, 0.003495860165593376, N, 1.0, 4789
0.0718122626846461, 0.003495217071376012, N, 1.0, 4928
0.0718122626846461, 0.0034945742137208018, N, 1.0, 10105
0.0718122626846461, 0.003493931592497242, N, 1.0, 6413
0.0718122626846461, 0.0034932892075749218, N, 1.0, 7130
0.0718122626846461, 0.0034926470588235296, N, 1.0, 368
0.0718122626846461, 0.003492005146112847, N, 1.0, 1858
0.0718122626846461, 0.0034913634693127527, N, 1.0, 7441
0.0718122626846461, 0.0034907220282932206, N, 1.0, 11142
0.07107293374851192, 0.0034900808229243203, N, 1.0, 7744
0.07107293374851192, 0.003489439853076217, N, 1.0, 1691
0.07033360481237776, 0.00348879911861917, N, 1.0, 9804
0.06921487582021336, 0.003488158619423536, N, 1.0, 11116
0.06847554688407918, 0.0034875183553597653, N, 1.0, 10965
0.06847554688407918, 0.0034868783262984033, N, 1.0, 7135
0.06847554688407918, 0.0034862385321100917, N, 1.0, 8237
0.06847554688407918, 0.003485598972665566, N, 1.0, 7948
0.06847554688407918, 0.003484959647835657, N, 1.0, 2222
0.06847554688407918, 0.003484320557491289, N, 1.0, 3681
0.06847554688407918, 0.0034836817015034835, N, 1.0, 7849
0.06847554688407918, 0.0034830430797433546, N, 1.0, 6946
0.06847554688407918, 0.0034824046920821114, N, 1.0, 3632
0.06773621794794502, 0.0034817665383910573, N, 1.0, 932
0.06773621794794502, 0.0034811286185415903, N, 1.0, 6036
0.06773621794794502, 0.0034804909324052022, N, 1.0, 11346
0.06773621794794502, 0.00347985347985348, N, 1.0, 9730
0.06773621794794502, 0.003479216260758103, N, 1.0, 4032
0.06773621794794502, 0.003478579274990846, N, 1.0, 7793
0.06773621794794502, 0.003477942522423577, N, 1.0, 4375
0.06773621794794502, 0.003477306002928258, N, 1.0, 10955
0.06773621794794502, 0.0034766697163769443, N, 1.0, 10701
0.06773621794794502, 0.0034760336626417855, N, 1.0, 5070
0.06773621794794502, 0.003475397841595025, N, 1.0, 2847
0.06773621794794502, 0.003474762253108998, N, 1.0, 3765
0.06773621794794502, 0.003474126897056135, N, 1.0, 5001
0.06773621794794502, 0.003473491773308958, N, 1.0, 4266
0.06773621794794502, 0.003472856881740084, N, 1.0, 25
0.06773621794794502, 0.003472222222222222, N, 1.0, 9740
0.06773621794794502, 0.003471587794628175, N, 1.0, 10725
0.06773621794794502, 0.0034709535988308366, N, 1.0, 1913
0.06773621794794502, 0.003470319634703196, N, 1.0, 5583
0.06773621794794502, 0.0034696859021183346, N, 1.0, 6970
0.06773621794794502, 0.003469052400949425, N, 1.0, 1429
0.06773621794794502, 0.0034684191310697336, N, 1.0, 10728
0.06773621794794502, 0.003467786092352619, N, 1.0, 6433
0.06773621794794502, 0.003467153284671533, N, 1.0, 7707
0.06773621794794502, 0.0034665207079000184, N, 1.0, 3438
0.06773621794794502, 0.003465888361911711, N, 1.0, 4309
0.06699688901181083, 0.0034652562465803394, N, 1.0, 4066
0.06699688901181083, 0.003464624361779723, N, 1.0, 4715
0.06699688901181083, 0.003463992707383774, N, 1.0, 6215
0.06699688901181083, 0.0034633612832664965, N, 1.0, 6463
0.06699688901181083, 0.0034627300893019866, N, 1.0, 2972
0.06699688901181083, 0.0034620991253644317, N, 1.0, 8293
0.06699688901181083, 0.0034614683913281106, N, 1.0, 8702
0.06699688901181083, 0.0034608378870673953, N, 1.0, 6419
0.06699688901181083, 0.0034602076124567475, N, 1.0, 10849
0.06699688901181083, 0.003459577567370721, N, 1.0, 1813
0.06699688901181083, 0.0034589477516839616, N, 1.0, 9370
0.06699688901181083, 0.003458318165271205, N, 1.0, 4398
0.06699688901181083, 0.003457688808007279, N, 1.0, 8650
0.06699688901181083, 0.0034570596797671035, N, 1.0, 3712
0.06699688901181083, 0.0034564307804256867, N, 1.0, 8010
0.06699688901181083, 0.0034558021098581304, N, 1.0, 9054
0.06699688901181083, 0.0034551736679396252, N, 1.0, 1351
0.06699688901181083, 0.0034545454545454545, N, 1.0, 9914
0.06699688901181083, 0.003453917469550991, N, 1.0, 10655
0.06699688901181083, 0.0034532897128316978, N, 1.0, 11289
0.06699688901181083, 0.003452662184263129, N, 1.0, 9118
0.06699688901181083, 0.0034520348837209303, N, 1.0, 1249
0.06699688901181083, 0.0034514078110808354, N, 1.0, 10293
0.06699688901181083, 0.0034507809662186707, N, 1.0, 959
0.06699688901181083, 0.0034501543490103505, N, 1.0, 1682
0.06699688901181083, 0.003449527959331881, N, 1.0, 6725
0.06699688901181083, 0.0034489017970593576, N, 1.0, 9406
0.06699688901181083, 0.0034482758620689655, N, 1.0, 11168
0.06699688901181083, 0.0034476501542369804, N, 1.0, 5920
0.06699688901181083, 0.003447024673439768, N, 1.0, 6658
0.06699688901181083, 0.003446399419553782, N, 1.0, 6768
0.06699688901181083, 0.0034457743924555676, N, 1.0, 2707
0.06699688901181083, 0.0034451495920217587, N, 1.0, 3223
0.06699688901181083, 0.003444525018129079, N, 1.0, 2526
0.06699688901181083, 0.0034439006706543413, N, 1.0, 3464
0.06699688901181083, 0.003443276549474447, N, 1.0, 1036
0.06699688901181083, 0.0034426526544663887, N, 1.0, 2745
0.06699688901181083, 0.0034420289855072463, N, 1.0, 8802
0.06699688901181083, 0.0034414055424741895, N, 1.0, 9919
0.06699688901181083, 0.0034407823252444766, N, 1.0, 10342
0.06699688901181083, 0.0034401593336954553, N, 1.0, 6527
0.06699688901181083, 0.0034395365677045617, N, 1.0, 315
0.06699688901181083, 0.0034389140271493214, N, 1.0, 1129
0.06699688901181083, 0.003438291711907347, N, 1.0, 4521
0.06699688901181083, 0.0034376696218563416, N, 1.0, 392
0.06699688901181083, 0.0034370477568740954, N, 1.0, 9487
0.06699688901181083, 0.003436426116838488, N, 1.0, 11281
0.06699688901181083, 0.0034358047016274863, N, 1.0, 8656
0.06699688901181083, 0.0034351835111191466, N, 1.0, 1234
0.06699688901181083, 0.0034345625451916123, N, 1.0, 6372
0.06699688901181083, 0.0034339418037231157, N, 1.0, 6791
0.06699688901181083, 0.0034333212865919767, N, 1.0, 2115
0.06699688901181083, 0.0034327009936766036, N, 1.0, 10692
0.06699688901181083, 0.0034320809248554913, N, 1.0, 7491
0.06699688901181083, 0.003431461080007224, N, 1.0, 787
0.06699688901181083, 0.0034308414590104733, N, 1.0, 9857
0.06699688901181083, 0.003430222061743997, N, 1.0, 1548
0.06699688901181083, 0.0034296028880866428, N, 1.0, 1132
0.06699688901181083, 0.0034289839379173436, N, 1.0, 5703
0.06699688901181083, 0.003428365211115121, N, 1.0, 6126
0.06699688901181083, 0.0034277467075590836, N, 1.0, 7039
0.06699688901181083, 0.003427128427128427, N, 1.0, 2375
0.06699688901181083, 0.0034265103697024347, N, 1.0, 9366
0.06699688901181083, 0.003425892535160476, N, 1.0, 10237
0.06699688901181083, 0.0034252749233820083, N, 1.0, 733
0.06699688901181083, 0.003424657534246575, N, 1.0, 4290
0.06699688901181083, 0.003424040367633808, N, 1.0, 1119
0.06699688901181083, 0.0034234234234234236, N, 1.0, 6835
0.06699688901181083, 0.003422806701495226, N, 1.0, 1179
0.06699688901181083, 0.003422190201729107, N, 1.0, 3589
0.06699688901181083, 0.0034215739240050424, N, 1.0, 3841
0.06625756007567667, 0.0034209578682030967, N, 1.0, 4528
0.06625756007567667, 0.0034203420342034203, N, 1.0, 11407
0.06625756007567667, 0.003419726421886249, N, 1.0, 621
0.06625756007567667, 0.0034191110311319055, N, 1.0, 4184
0.06625756007567667, 0.003418495861820799, N, 1.0, 4236
0.06625756007567667, 0.0034178809138334233, N, 1.0, 4478
0.06625756007567667, 0.0034172661870503595, N, 1.0, 9109
0.06625756007567667, 0.0034166516813522747, N, 1.0, 10012
0.06625756007567667, 0.0034160373966199207, N, 1.0, 439
0.06625756007567667, 0.003415423332734136, N, 1.0, 488
0.06625756007567667, 0.0034148094895758447, N, 1.0, 2006
0.06625756007567667, 0.0034141958670260556, N, 1.0, 2403
0.06625756007567667, 0.003413582464965864, N, 1.0, 8295
0.06625756007567667, 0.0034129692832764505, N, 1.0, 32
0.06625756007567667, 0.0034123563218390806, N, 1.0, 10568
0.06625756007567667, 0.003411743580535105, N, 1.0, 6176
0.06625756007567667, 0.0034111310592459605, N, 1.0, 3456
0.06625756007567667, 0.003410518757853168, N, 1.0, 10369
0.06625756007567667, 0.0034099066762383347, N, 1.0, 5590
0.06625756007567667, 0.003409294814283151, N, 1.0, 306
0.06625756007567667, 0.0034086831718693937, N, 1.0, 9151
0.06625756007567667, 0.0034080717488789236, N, 1.0, 5929
0.06625756007567667, 0.0034074605451936872, N, 1.0, 2431
0.06625756007567667, 0.0034068495606957147, N, 1.0, 8632
0.06625756007567667, 0.0034062387952671206, N, 1.0, 490
0.06625756007567667, 0.0034056282487901057, N, 1.0, 9135
0.06625756007567667, 0.0034050179211469536, N, 1.0, 4118
0.06625756007567667, 0.003404407812220032, N, 1.0, 10193
0.06625756007567667, 0.003403797921891795, N, 1.0, 1123
0.06625756007567667, 0.003403188250044779, N, 1.0, 10704
0.06625756007567667, 0.0034025787965616047, N, 1.0, 6650
0.06625756007567667, 0.0034019695613249777, N, 1.0, 7223
0.06625756007567667, 0.003401360544217687, N, 1.0, 7888
0.06625756007567667, 0.003400751745122606, N, 1.0, 55
0.06625756007567667, 0.0034001431639226914, N, 1.0, 8545
0.06625756007567667, 0.003399534800500984, N, 1.0, 9185
0.06625756007567667, 0.003398926654740608, N, 1.0, 4787
0.06625756007567667, 0.0033983187265247718, N, 1.0, 10089
0.06625756007567667, 0.003397711015736767, N, 1.0, 1711
0.06625756007567667, 0.0033971035222599678, N, 1.0, 3559
0.06625756007567667, 0.0033964962459778333, N, 1.0, 3714
0.06625756007567667, 0.0033958891867739054, N, 1.0, 8936
0.06625756007567667, 0.0033952823445318084, N, 1.0, 9389
0.06625756007567667, 0.003394675719135251, N, 1.0, 9874
0.06625756007567667, 0.003394069310468024, N, 1.0, 5577
0.06625756007567667, 0.0033934631184140023, N, 1.0, 7468
0.06625756007567667, 0.0033928571428571428, N, 1.0, 702
0.06625756007567667, 0.0033922513836814857, N, 1.0, 977
0.06625756007567667, 0.003391645840771153, N, 1.0, 1405
0.06625756007567667, 0.0033910405140103518, N, 1.0, 1474
0.06625756007567667, 0.003390435403283369, N, 1.0, 6474
0.06625756007567667, 0.003389830508474576, N, 1.0, 4159
0.06625756007567667, 0.0033892258294684267, N, 1.0, 5716
0.06625756007567667, 0.003388621366149456, N, 1.0, 6708
0.06625756007567667, 0.0033880171184022824, N, 1.0, 7395
0.06625756007567667, 0.0033874130861116063, N, 1.0, 7934
0.06625756007567667, 0.0033868092691622105, N, 1.0, 107
0.06625756007567667, 0.0033862056674389593, N, 1.0, 3449
0.06625756007567667, 0.0033856022808268, N, 1.0, 10328
0.06625756007567667, 0.0033849991092107607, N, 1.0, 5844
0.06625756007567667, 0.003384396152475953, N, 1.0, 5147
0.06625756007567667, 0.003383793410507569, N, 1.0, 2229
0.06625756007567667, 0.003383190883190883, N, 1.0, 3666
0.06625756007567667, 0.0033825885704112514, N, 1.0, 5986
0.06625756007567667, 0.003381986472054112, N, 1.0, 6498
0.06625756007567667, 0.003381384588004983, N, 1.0, 4773
0.06625756007567667, 0.0033807829181494663, N, 1.0, 10962
0.06625756007567667, 0.0033801814623732433, N, 1.0, 2748
0.06625756007567667, 0.0033795802205620774, N, 1.0, 2909
0.06625756007567667, 0.003378979192601814, N, 1.0, 8753
0.06625756007567667, 0.0033783783783783786, N, 1.0, 1213
0.06625756007567667, 0.0033777777777777777, N, 1.0, 4909
0.06625756007567667, 0.0033771773906861, N, 1.0, 5395
0.06625756007567667, 0.003376577216989515, N, 1.0, 2018
0.06625756007567667, 0.0033759772565742714, N, 1.0, 11086
0.06625756007567667, 0.003375377509326701, N, 1.0, 110
0.06625756007567667, 0.003374777975133215, N, 1.0, 9513
0.06625756007567667, 0.0033741786538803056, N, 1.0, 9748
0.06625756007567667, 0.0033735795454545455, N, 1.0, 10108
0.06625756007567667, 0.003372980649742588, N, 1.0, 5989
0.06625756007567667, 0.0033723819666311677, N, 1.0, 8083
0.06625756007567667, 0.0033717834960070984, N, 1.0, 10122
0.06625756007567667, 0.003371185237757275, N, 1.0, 5023
0.06625756007567667, 0.0033705871917686712, N, 1.0, 10441
0.06625756007567667, 0.0033699893579283435, N, 1.0, 6640
0.06625756007567667, 0.0033693917361234263, N, 1.0, 3077
0.06625756007567667, 0.003368794326241135, N, 1.0, 5099
0.06625756007567667, 0.0033681971281687645, N, 1.0, 7630
0.06625756007567667, 0.00336760014179369, N, 1.0, 111
0.06625756007567667, 0.003367003367003367, N, 1.0, 3822
0.06625756007567667, 0.0033664068036853294, N, 1.0, 687
0.06625756007567667, 0.003365810451727192, N, 1.0, 7295
0.06625756007567667, 0.003365214311016649, N, 1.0, 3302
0.06625756007567667, 0.0033646183814414732, N, 1.0, 338
0.0655182311395425, 0.0033640226628895184, N, 1.0, 875
0.0655182311395425, 0.0033634271552487167, N, 1.0, 10286
0.0655182311395425, 0.0033628318584070795, N, 1.0, 2863
0.0655182311395425, 0.0033622367722526986, N, 1.0, 3021
0.0655182311395425, 0.003361641896673744, N, 1.0, 10937
0.0655182311395425, 0.0033610472315584645, N, 1.0, 4030
0.0655182311395425, 0.0033604527767951893, N, 1.0, 4310
0.0655182311395425, 0.0033598585322723255, N, 1.0, 4881
0.0655182311395425, 0.0033592644978783595, N, 1.0, 6815
0.0655182311395425, 0.003358670673501856, N, 1.0, 7926
0.0655182311395425, 0.00335807705903146, N, 1.0, 3149
0.0655182311395425, 0.0033574836543558933, N, 1.0, 5818
0.0655182311395425, 0.0033568904593639574, N, 1.0, 4116
0.0655182311395425, 0.0033562974739445328, N, 1.0, 7094
0.0655182311395425, 0.003355704697986577, N, 1.0, 4102
0.0655182311395425, 0.0033551121313791276, N, 1.0, 2899
0.0655182311395425, 0.0033545197740112993, N, 1.0, 8918
0.0655182311395425, 0.003353927625772286, N, 1.0, 10557
0.0655182311395425, 0.003353335686551359, N, 1.0, 6628
0.0655182311395425, 0.0033527439562378684, N, 1.0, 447
0.0655182311395425, 0.0033521524347212422, N, 1.0, 9317
0.0655182311395425, 0.003351561121890986, N, 1.0, 7799
0.0655182311395425, 0.003350970017636684, N, 1.0, 3579
0.0655182311395425, 0.0033503791218479984, N, 1.0, 481
0.0655182311395425, 0.0033497884344146685, N, 1.0, 864
0.0655182311395425, 0.0033491979552265115, N, 1.0, 5236
0.0655182311395425, 0.0033486076841734227, N, 1.0, 8966
0.0655182311395425, 0.0033480176211453743, N, 1.0, 725
0.0655182311395425, 0.0033474277660324172, N, 1.0, 10959
0.0655182311395425, 0.0033468381187246785, N, 1.0, 3278
0.0655182311395425, 0.0033462486791123636, N, 1.0, 9875
0.0655182311395425, 0.0033456594470857547, N, 1.0, 1566
0.0655182311395425, 0.003345070422535211, N, 1.0, 8331
0.0655182311395425, 0.0033444816053511705, N, 1.0, 122
0.0655182311395425, 0.0033438929954241465, N, 1.0, 2907
0.0655182311395425, 0.00334330459264473, N, 1.0, 7510
0.0655182311395425, 0.003342716396903589, N, 1.0, 7873
0.0655182311395425, 0.003342128408091469, N, 1.0, 11154
0.0655182311395425, 0.003341540626099191, N, 1.0, 7581
0.0655182311395425, 0.003340953050817654, N, 1.0, 9458
0.0655182311395425, 0.003340365682137834, N, 1.0, 11122
0.0655182311395425, 0.0033397785199507824, N, 1.0, 3544
0.0655182311395425, 0.0033391915641476275, N, 1.0, 6349
0.0655182311395425, 0.0033386048146195747, N, 1.0, 5831
0.0655182311395425, 0.0033380182712579058, N, 1.0, 11201
0.0655182311395425, 0.0033374319339539785, N, 1.0, 11406
0.0655182311395425, 0.0033368458025992273, N, 1.0, 3804
0.0655182311395425, 0.0033362598770851626, N, 1.0, 1004
0.0655182311395425, 0.0033356741573033707, N, 1.0, 9924
0.0655182311395425, 0.003335088643145515, N, 1.0, 10364
0.06477890220340833, 0.0033345033345033347, N, 1.0, 1705
0.06477890220340833, 0.0033339182312686435, N, 1.0, 7296
0.06477890220340833, 0.0033333333333333335, N, 1.0, 5668
0.06477890220340833, 0.00333274864058937, N, 1.0, 8011
0.06477890220340833, 0.003332164152928797, N, 1.0, 9044
0.06477890220340833, 0.0033315798702437316, N, 1.0, 4810
0.06477890220340833, 0.0033309957924263674, N, 1.0, 10107
0.06477890220340833, 0.0033304119193689747, N, 1.0, 6580
0.06477890220340833, 0.0033298282509638976, N, 1.0, 3670
0.06403957326727415, 0.003329244787103557, N, 1.0, 3960
0.06144218640284141, 0.0033286615276804485, N, 1.0, 1794
0.06144218640284141, 0.003328078472587143, N, 1.0, 9757
0.06144218640284141, 0.003327495621716287, N, 1.0, 10957
0.06070285746670724, 0.0033269129749606023, N, 1.0, 1361
0.06070285746670724, 0.003326330532212885, N, 1.0, 1216
0.06070285746670724, 0.003325748293366007, N, 1.0, 6885
0.06070285746670724, 0.003325166258312916, N, 1.0, 3757
0.06070285746670724, 0.0033245844269466315, N, 1.0, 4868
0.06070285746670724, 0.003324002799160252, N, 1.0, 10541
0.06070285746670724, 0.0033234213748469478, N, 1.0, 1107
0.06070285746670724, 0.003322840153899965, N, 1.0, 7136
0.06070285746670724, 0.0033222591362126247, N, 1.0, 10670
0.06070285746670724, 0.003321678321678322, N, 1.0, 182
0.06070285746670724, 0.003321097710190526, N, 1.0, 5126
0.06070285746670724, 0.003320517301642782, N, 1.0, 9672
0.06070285746670724, 0.003319937095928709, N, 1.0, 10985
0.06070285746670724, 0.0033193570929419985, N, 1.0, 4072
0.06070285746670724, 0.003318777292576419, N, 1.0, 11280
0.06070285746670724, 0.003318197694725812, N, 1.0, 3682
0.06070285746670724, 0.0033176182992840928, N, 1.0, 1040
0.06070285746670724, 0.0033170391061452514, N, 1.0, 5433
0.06070285746670724, 0.0033164601152033514, N, 1.0, 7939
0.06070285746670724, 0.0033158813263525306, N, 1.0, 5308
0.06070285746670724, 0.0033153027394870007, N, 1.0, 6196
0.06070285746670724, 0.003314724354501047, N, 1.0, 7176
0.05996352853057306, 0.0033141461712890286, N, 1.0, 2001
0.05996352853057306, 0.0033135681897453785, N, 1.0, 7922
0.05996352853057306, 0.0033129904097646034, N, 1.0, 11189
0.05996352853057306, 0.003312412831241283, N, 1.0, 5475
0.05996352853057306, 0.0033118354540700714, N, 1.0, 2200
0.05996352853057306, 0.0033112582781456954, N, 1.0, 340
0.05996352853057306, 0.003310681303362955, N, 1.0, 8793
0.05996352853057306, 0.003310104529616725, N, 1.0, 11230
0.05996352853057306, 0.003309527956801951, N, 1.0, 11363
0.05996352853057306, 0.0033089515848136537, N, 1.0, 7791
0.05996352853057306, 0.003308375413546927, N, 1.0, 9381
0.05996352853057306, 0.003307799442896936, N, 1.0, 4292
0.05996352853057306, 0.003307223672758921, N, 1.0, 10205
0.05996352853057306, 0.0033066481030281933, N, 1.0, 9956
0.05996352853057306, 0.003306072733600139, N, 1.0, 2739
0.05996352853057306, 0.0033054975643702156, N, 1.0, 1885
0.05996352853057306, 0.0033049225952339538, N, 1.0, 10101
0.05996352853057306, 0.0033043478260869567, N, 1.0, 5462
0.05996352853057306, 0.0033037732568249, N, 1.0, 6109
0.05996352853057306, 0.0033031988873435327, N, 1.0, 7636
0.05996352853057306, 0.0033026247175386753, N, 1.0, 8322
0.05996352853057306, 0.0033020507473062216, N, 1.0, 7179
0.05996352853057306, 0.0033014769765421373, N, 1.0, 140
0.05996352853057306, 0.00330090340514246, N, 1.0, 4339
0.05996352853057306, 0.0033003300330033004, N, 1.0, 4604
0.05996352853057306, 0.0032997568600208406, N, 1.0, 2221
0.05996352853057306, 0.003299183886091335, N, 1.0, 7817
0.05996352853057306, 0.003298611111111111, N, 1.0, 10226
0.05996352853057306, 0.0032980385349765666, N, 1.0, 10430
0.05996352853057306, 0.003297466157584172, N, 1.0, 1047
0.05996352853057306, 0.00329689397883047, N, 1.0, 10338
0.05996352853057306, 0.003296321998612075, N, 1.0, 6049
0.05996352853057306, 0.003295750216825672, N, 1.0, 7576
0.05996352853057306, 0.0032951786333680192, N, 1.0, 7819
0.05996352853057306, 0.003294607248135946, N, 1.0, 4315
0.05996352853057306, 0.003294036061026352, N, 1.0, 5302
0.05996352853057306, 0.0032934650719362107, N, 1.0, 8091
0.05996352853057306, 0.003292894280762565, N, 1.0, 1112
0.05996352853057306, 0.00329232368740253, N, 1.0, 11237
0.05996352853057306, 0.003291753291753292, N, 1.0, 4024
0.05996352853057306, 0.003291183093712108, N, 1.0, 741
0.05996352853057306, 0.0032906130931763078, N, 1.0, 4591
0.05996352853057306, 0.00329004329004329, N, 1.0, 5073
0.05996352853057306, 0.003289473684210526, N, 1.0, 11353
0.05996352853057306, 0.003288904275575558, N, 1.0, 6828
0.05996352853057306, 0.0032883350640359986, N, 1.0, 1442
0.05996352853057306, 0.003287766049489531, N, 1.0, 483
0.05996352853057306, 0.00328719723183391, N, 1.0, 3430
0.05996352853057306, 0.003286628610966961, N, 1.0, 9657
0.05996352853057306, 0.003286060186786579, N, 1.0, 2708
0.05996352853057306, 0.0032854919591907314, N, 1.0, 7993
0.05996352853057306, 0.003284923928077455, N, 1.0, 3505
0.05996352853057306, 0.0032843560933448574, N, 1.0, 6617
0.05996352853057306, 0.0032837884548911167, N, 1.0, 9644
0.05996352853057306, 0.003283221012614481, N, 1.0, 4593
0.05996352853057306, 0.0032826537664132687, N, 1.0, 3852
0.05996352853057306, 0.0032820867161858698, N, 1.0, 1664
0.05996352853057306, 0.0032815198618307427, N, 1.0, 8309
0.05996352853057306, 0.0032809532032464167, N, 1.0, 8819
0.05996352853057306, 0.0032803867403314916, N, 1.0, 631
0.05996352853057306, 0.003279820472984637, N, 1.0, 3
0.05996352853057306, 0.003279254401104591, N, 1.0, 3884
0.05996352853057306, 0.003278688524590164, N, 1.0, 4839
0.05996352853057306, 0.0032781228433402345, N, 1.0, 7062
0.05996352853057306, 0.003277557357253752, N, 1.0, 3323
0.05996352853057306, 0.003276992066229734, N, 1.0, 211
0.05996352853057306, 0.00327642697016727, N, 1.0, 9659
0.05996352853057306, 0.0032758620689655174, N, 1.0, 1975
0.05996352853057306, 0.003275297362523703, N, 1.0, 2676
0.05996352853057306, 0.0032747328507411236, N, 1.0, 1466
0.05996352853057306, 0.0032741685335171463, N, 1.0, 6581
0.05996352853057306, 0.003273604410751206, N, 1.0, 2396
0.05996352853057306, 0.003273040482342808, N, 1.0, 5526
0.05996352853057306, 0.003272476748191526, N, 1.0, 6500
0.05996352853057306, 0.0032719132081970035, N, 1.0, 2376
0.05922419959443889, 0.0032713498622589533, N, 1.0, 5133
0.05922419959443889, 0.003270786710277156, N, 1.0, 6644
0.05922419959443889, 0.003270223752151463, N, 1.0, 11143
0.05922419959443889, 0.003269660987781793, N, 1.0, 6173
0.05922419959443889, 0.003269098417068135, N, 1.0, 7218
0.05922419959443889, 0.003268536039910545, N, 1.0, 2996
0.05922419959443889, 0.0032679738562091504, N, 1.0, 5170
0.05922419959443889, 0.0032674118658641443, N, 1.0, 10484
0.05922419959443889, 0.003266850068775791, N, 1.0, 11107
0.05922419959443889, 0.0032662884648444216, N, 1.0, 6738
0.05922419959443889, 0.0032657270539704366, N, 1.0, 8689
0.05922419959443889, 0.0032651658360543048, N, 1.0, 597
0.05922419959443889, 0.0032646048109965637, N, 1.0, 825
0.05922419959443889, 0.0032640439786978184, N, 1.0, 10240
0.05922419959443889, 0.0032634833390587426, N, 1.0, 8110
0.05922419959443889, 0.003262922891980079, N, 1.0, 8757
0.05922419959443889, 0.0032623626373626375, N, 1.0, 10828
0.05922419959443889, 0.0032618025751072963, N, 1.0, 6420
0.05922419959443889, 0.0032612427051150017, N, 1.0, 7754
0.05922419959443889, 0.0032606830272867687, N, 1.0, 8256
0.05922419959443889, 0.003260123541523679, N, 1.0, 9636
0.05922419959443889, 0.003259564247726883, N, 1.0, 10013
0.05922419959443889, 0.0032590051457975985, N, 1.0, 7836
0.05922419959443889, 0.003258446235637112, N, 1.0, 2898
0.05922419959443889, 0.0032578875171467765, N, 1.0, 3009
0.05922419959443889, 0.003257328990228013, N, 1.0, 9649
0.05922419959443889, 0.0032567706547823104, N, 1.0, 4779
0.05922419959443889, 0.0032562125107112256, N, 1.0, 10446
0.05922419959443889, 0.0032556545579163812, N, 1.0, 10556
0.05922419959443889, 0.003255096796299469, N, 1.0, 2509
0.05922419959443889, 0.0032545392257622473, N, 1.0, 3152
0.05922419959443889, 0.0032539818462065423, N, 1.0, 3442
0.05922419959443889, 0.0032534246575342467, N, 1.0, 8580
0.05922419959443889, 0.0032528676596473207, N, 1.0, 1218
0.05922419959443889, 0.003252310852447792, N, 1.0, 9999
0.05922419959443889, 0.0032517542358377546, N, 1.0, 6040
0.05922419959443889, 0.0032511978097193705, N, 1.0, 11092
0.05922419959443889, 0.0032506415739948676, N, 1.0, 2629
0.05922419959443889, 0.003250085528566541, N, 1.0, 234
0.05922419959443889, 0.003249529673336754, N, 1.0, 8730
0.05922419959443889, 0.0032489740082079343, N, 1.0, 8773
0.05922419959443889, 0.0032484185330825784, N, 1.0, 10429
0.05922419959443889, 0.003247863247863248, N, 1.0, 5899
0.05922419959443889, 0.0032473081524525722, N, 1.0, 9845
0.05922419959443889, 0.003246753246753247, N, 1.0, 5980
0.05922419959443889, 0.0032461985306680334, N, 1.0, 2632
0.05922419959443889, 0.0032456440040997607, N, 1.0, 8544
0.05922419959443889, 0.0032450896669513236, N, 1.0, 917
0.05922419959443889, 0.003244535519125683, N, 1.0, 6572
0.05922419959443889, 0.0032439815605258666, N, 1.0, 491
0.05922419959443889, 0.0032434277910549677, N, 1.0, 830
0.05922419959443889, 0.0032428742106161462, N, 1.0, 1315
0.05922419959443889, 0.003242320819112628, N, 1.0, 3156
0.05922419959443889, 0.0032417676164477054, N, 1.0, 740
0.05922419959443889, 0.0032412146025247355, N, 1.0, 7407
0.05922419959443889, 0.003240661777247143, N, 1.0, 3119
0.05922419959443889, 0.0032401091405184173, N, 1.0, 1697
0.05922419959443889, 0.003239556692242114, N, 1.0, 5481
0.05922419959443889, 0.0032390044323218547, N, 1.0, 11218
0.05922419959443889, 0.003238452360661326, N, 1.0, 21
0.05922419959443889, 0.003237900477164281, N, 1.0, 4977
0.05922419959443889, 0.0032373487817345375, N, 1.0, 10450
0.05922419959443889, 0.0032367972742759796, N, 1.0, 11135
0.05922419959443889, 0.003236245954692557, N, 1.0, 572
0.05922419959443889, 0.0032356948228882835, N, 1.0, 1565
0.05922419959443889, 0.0032351438787672398, N, 1.0, 10104
0.05922419959443889, 0.003234593122233572, N, 1.0, 7696
0.05922419959443889, 0.0032340425531914895, N, 1.0, 8949
0.05922419959443889, 0.003233492171545269, N, 1.0, 6574
0.05922419959443889, 0.0032329419771992512, N, 1.0, 9138
0.05922419959443889, 0.003232391970057843, N, 1.0, 5805
0.05922419959443889, 0.0032318421500255145, N, 1.0, 2883
0.05922419959443889, 0.0032312925170068026, N, 1.0, 3003
0.05922419959443889, 0.0032307430709063085, N, 1.0, 980
0.05922419959443889, 0.0032301938116286975, N, 1.0, 10742
0.05922419959443889, 0.0032296447390787013, N, 1.0, 6074
0.05922419959443889, 0.003229095853161115, N, 1.0, 6576
0.05922419959443889, 0.0032285471537807984, N, 1.0, 209
0.05922419959443889, 0.0032279986408426777, N, 1.0, 9022
0.05922419959443889, 0.003227450314251741, N, 1.0, 1428
0.05922419959443889, 0.0032269021739130435, N, 1.0, 10973
0.05922419959443889, 0.003226354219731703, N, 1.0, 2661
0.05922419959443889, 0.0032258064516129032, N, 1.0, 7410
0.05922419959443889, 0.003225258869461891, N, 1.0, 4326
0.05922419959443889, 0.0032247114731839784, N, 1.0, 4445
0.05922419959443889, 0.003224164262684541, N, 1.0, 5305
0.05922419959443889, 0.0032236172378690194, N, 1.0, 2113
0.05922419959443889, 0.003223070398642918, N, 1.0, 3201
0.05922419959443889, 0.0032225237449118047, N, 1.0, 8569
0.05922419959443889, 0.0032219772765813125, N, 1.0, 3801
0.05922419959443889, 0.003221430993557138, N, 1.0, 4673
0.05922419959443889, 0.0032208848957450413, N, 1.0, 11417
0.05922419959443889, 0.0032203389830508474, N, 1.0, 2410
0.05922419959443889, 0.003219793255380444, N, 1.0, 3916
0.05922419959443889, 0.0032192477126397833, N, 1.0, 9214
0.05922419959443889, 0.0032187023547348807, N, 1.0, 10268
0.05922419959443889, 0.003218157181571816, N, 1.0, 2090
0.05922419959443889, 0.0032176121930567315, N, 1.0, 5585
0.05922419959443889, 0.0032170673890958346, N, 1.0, 6125
0.05922419959443889, 0.003216522769595395, N, 1.0, 6913
0.05922419959443889, 0.003215978334461747, N, 1.0, 2608
0.05922419959443889, 0.003215434083601286, N, 1.0, 2650
0.05922419959443889, 0.003214890016920474, N, 1.0, 3753
0.05922419959443889, 0.0032143461343258333, N, 1.0, 4735
0.05922419959443889, 0.0032138024357239513, N, 1.0, 10763
0.05922419959443889, 0.003213258921021478, N, 1.0, 8121
0.05922419959443889, 0.003212715590125127, N, 1.0, 8992
0.05922419959443889, 0.003212172442941674, N, 1.0, 4496
0.05922419959443889, 0.003211629479377958, N, 1.0, 8337
0.05922419959443889, 0.0032110866993408822, N, 1.0, 9128
0.05922419959443889, 0.003210544102737411, N, 1.0, 708
0.05922419959443889, 0.0032100016894745734, N, 1.0, 4272
0.05922419959443889, 0.0032094594594594596, N, 1.0, 2274
0.05922419959443889, 0.003208917412599223, N, 1.0, 7257
0.05922419959443889, 0.003208375548801081, N, 1.0, 2609
0.05922419959443889, 0.0032078338679723114, N, 1.0, 8104
0.05922419959443889, 0.0032072923700202567, N, 1.0, 4678
0.05922419959443889, 0.0032067510548523205, N, 1.0, 10046
0.05922419959443889, 0.00320620992237597, N, 1.0, 3452
0.05922419959443889, 0.003205668972498735, N, 1.0, 1346
0.05922419959443889, 0.003205128205128205, N, 1.0, 5120
0.05922419959443889, 0.0032045876201720357, N, 1.0, 5169
0.05922419959443889, 0.0032040472175379428, N, 1.0, 9179
0.058484870658304725, 0.0032035069971337042, N, 1.0, 10696
0.058484870658304725, 0.0032029669588671613, N, 1.0, 5152
0.058484870658304725, 0.003202427102646216, N, 1.0, 2717
0.058484870658304725, 0.0032018874283788338, N, 1.0, 3772
0.058484870658304725, 0.0032013479359730415, N, 1.0, 3825
0.058484870658304725, 0.003200808625336927, N, 1.0, 4150
0.058484870658304725, 0.0032002694963786426, N, 1.0, 11206
0.058484870658304725, 0.0031997305490063994, N, 1.0, 7117
0.058484870658304725, 0.0031991917831284728, N, 1.0, 8344
0.058484870658304725, 0.0031986531986531986, N, 1.0, 9255
0.058484870658304725, 0.0031981147954889748, N, 1.0, 2122
0.058484870658304725, 0.0031975765735442613, N, 1.0, 7444
0.058484870658304725, 0.0031970385327275788, N, 1.0, 11144
0.058484870658304725, 0.00319650067294751, N, 1.0, 1137
0.058484870658304725, 0.0031959629941127, N, 1.0, 6379
0.058484870658304725, 0.0031954254961318535, N, 1.0, 4974
0.058484870658304725, 0.003194888178913738, N, 1.0, 2007
0.058484870658304725, 0.003194351042367182, N, 1.0, 7729
0.058484870658304725, 0.0031938140864010756, N, 1.0, 4139
0.058484870658304725, 0.0031932773109243696, N, 1.0, 3113
0.058484870658304725, 0.0031927407158460763, N, 1.0, 11208
0.058484870658304725, 0.003192204301075269, N, 1.0, 11348
0.058484870658304725, 0.003191668066521082, N, 1.0, 9475
0.058484870658304725, 0.0031911320120927107, N, 1.0, 3088
0.058484870658304725, 0.003190596137699412, N, 1.0, 3444
0.058484870658304725, 0.0031900604432505038, N, 1.0, 4243
0.058484870658304725, 0.0031895249286553636, N, 1.0, 11147
0.058484870658304725, 0.0031889895938234307, N, 1.0, 2363
0.058484870658304725, 0.0031884544386642055, N, 1.0, 3522
0.058484870658304725, 0.0031879194630872482, N, 1.0, 3069
0.058484870658304725, 0.003187384667002181, N, 1.0, 1280
0.058484870658304725, 0.003186850050318685, N, 1.0, 11000
0.058484870658304725, 0.0031863156129465033, N, 1.0, 7123
0.058484870658304725, 0.0031857813547954395, N, 1.0, 4282
0.058484870658304725, 0.003185247275775356, N, 1.0, 9041
0.058484870658304725, 0.0031847133757961785, N, 1.0, 4419
0.058484870658304725, 0.00318417965476789, N, 1.0, 7640
0.058484870658304725, 0.003183646112600536, N, 1.0, 8012
0.058484870658304725, 0.0031831127492042218, N, 1.0, 10249
0.058484870658304725, 0.003182579564489112, N, 1.0, 6525
0.058484870658304725, 0.003182046558365433, N, 1.0, 8303
0.058484870658304725, 0.0031815137307434696, N, 1.0, 3051
0.058484870658304725, 0.003180981081533568, N, 1.0, 8778
0.058484870658304725, 0.0031804486106461333, N, 1.0, 377
0.058484870658304725, 0.003179916317991632, N, 1.0, 4384
0.058484870658304725, 0.003179384203480589, N, 1.0, 6690
0.058484870658304725, 0.0031788522670235905, N, 1.0, 3199
0.058484870658304725, 0.0031783205085312814, N, 1.0, 86
0.058484870658304725, 0.003177788927914367, N, 1.0, 299
0.058484870658304725, 0.003177257525083612, N, 1.0, 4632
0.058484870658304725, 0.003176726299949841, N, 1.0, 5487
0.058484870658304725, 0.0031761952524239387, N, 1.0, 10691
0.058484870658304725, 0.0031756643824168477, N, 1.0, 6511
0.058484870658304725, 0.0031751336898395723, N, 1.0, 3649
0.058484870658304725, 0.0031746031746031746, N, 1.0, 10198
0.058484870658304725, 0.0031740728366187773, N, 1.0, 685
0.058484870658304725, 0.0031735426757975613, N, 1.0, 4251
0.058484870658304725, 0.003173012692050768, N, 1.0, 1395
0.058484870658304725, 0.003172482885289698, N, 1.0, 4878
0.058484870658304725, 0.0031719532554257096, N, 1.0, 7583
0.058484870658304725, 0.003171423802370222, N, 1.0, 7892
0.058484870658304725, 0.003170894526034713, N, 1.0, 6772
0.058484870658304725, 0.003170365426330719, N, 1.0, 3107
0.058484870658304725, 0.0031698365031698366, N, 1.0, 9570
0.058484870658304725, 0.00316930775646372, N, 1.0, 6190
0.058484870658304725, 0.0031687791861240828, N, 1.0, 7169
0.058484870658304725, 0.003168250792062698, N, 1.0, 2481
0.058484870658304725, 0.003167722574191397, N, 1.0, 8783
0.058484870658304725, 0.0031671945324220703, N, 1.0, 9646
0.058484870658304725, 0.0031666666666666666, N, 1.0, 9706
0.058484870658304725, 0.003166138976837194, N, 1.0, 1650
0.058484870658304725, 0.003165611462845718, N, 1.0, 5846
0.058484870658304725, 0.0031650841246043645, N, 1.0, 3703
0.058484870658304725, 0.0031645569620253164, N, 1.0, 620
0.058484870658304725, 0.003164029975020816, N, 1.0, 9493
0.058484870658304725, 0.0031635031635031635, N, 1.0, 5568
0.058484870658304725, 0.003162976527384718, N, 1.0, 46
0.058484870658304725, 0.0031624500665778962, N, 1.0, 278
0.058484870658304725, 0.003161923780995174, N, 1.0, 421
0.058484870658304725, 0.003161397670549085, N, 1.0, 4501
0.058484870658304725, 0.0031608717351522208, N, 1.0, 1572
0.058484870658304725, 0.003160345974717232, N, 1.0, 10483
0.058484870658304725, 0.003159820389156827, N, 1.0, 7363
0.05774554172217055, 0.003159294978383771, N, 1.0, 6152
0.05774554172217055, 0.0031587697423108895, N, 1.0, 10125
0.05774554172217055, 0.0031582446808510636, N, 1.0, 10014
0.05774554172217055, 0.0031577197939172347, N, 1.0, 9869
0.05774554172217055, 0.0031571950814223994, N, 1.0, 1388
0.05774554172217055, 0.0031566705432796147, N, 1.0, 6002
0.05774554172217055, 0.0031561461794019936, N, 1.0, 1563
0.05774554172217055, 0.0031556219897027073, N, 1.0, 2261
0.05774554172217055, 0.003155097974094985, N, 1.0, 9424
0.05774554172217055, 0.0031545741324921135, N, 1.0, 3814
0.05774554172217055, 0.0031540504648074367, N, 1.0, 1797
0.05774554172217055, 0.0031535269709543567, N, 1.0, 5932
0.05774554172217055, 0.0031530036508463327, N, 1.0, 4518
0.05774554172217055, 0.0031524805043968806, N, 1.0, 6389
0.05774554172217055, 0.0031519575315195753, N, 1.0, 6750
0.05774554172217055, 0.0031514347321280477, N, 1.0, 2408
0.05774554172217055, 0.003150912106135987, N, 1.0, 10579
0.05774554172217055, 0.003150389653457138, N, 1.0, 4890
0.05774554172217055, 0.0031498673740053052, N, 1.0, 2391
0.05774554172217055, 0.0031493452676943476, N, 1.0, 8508
0.05774554172217055, 0.0031488233344381836, N, 1.0, 1662
0.05774554172217055, 0.003148301574150787, N, 1.0, 1037
0.05774554172217055, 0.0031477799867461894, N, 1.0, 3958
0.05774554172217055, 0.0031472585721384794, N, 1.0, 4146
0.05774554172217055, 0.003146737330241802, N, 1.0, 10536
0.05774554172217055, 0.0031462162609703593, N, 1.0, 762
0.05774554172217055, 0.0031456953642384107, N, 1.0, 1571
0.05774554172217055, 0.0031451746399602716, N, 1.0, 8912
0.05774554172217055, 0.0031446540880503146, N, 1.0, 4969
0.05774554172217055, 0.0031441337084229686, N, 1.0, 2338
0.05774554172217055, 0.00314361350099272, N, 1.0, 3491
0.05700621278603638, 0.003143093465674111, N, 1.0, 9864
0.05700621278603638, 0.00314257360238174, N, 1.0, 372
0.05700621278603638, 0.003142053911030263, N, 1.0, 1426
0.05366949698546946, 0.0031415343915343914, N, 1.0, 2102
0.05366949698546946, 0.003141015043808894, N, 1.0, 4850
0.05366949698546946, 0.003140495867768595, N, 1.0, 4298
0.05366949698546946, 0.0031399768633283754, N, 1.0, 3953
0.05366949698546946, 0.0031394580304031725, N, 1.0, 7190
0.05366949698546946, 0.0031389393689079796, N, 1.0, 9761
0.05366949698546946, 0.003138420878757846, N, 1.0, 8511
0.052930168049335286, 0.003137902559867878, N, 1.0, 9415
0.052930168049335286, 0.0031373844121532365, N, 1.0, 8109
0.052930168049335286, 0.00313686643552914, N, 1.0, 3653
0.052930168049335286, 0.0031363486299108615, N, 1.0, 9728
0.052930168049335286, 0.0031358309952137318, N, 1.0, 4795
0.052930168049335286, 0.0031353135313531354, N, 1.0, 5403
0.052930168049335286, 0.003134796238244514, N, 1.0, 3404
0.052930168049335286, 0.0031342791158033654, N, 1.0, 5013
0.052930168049335286, 0.0031337621639452415, N, 1.0, 4458
0.052930168049335286, 0.003133245382585752, N, 1.0, 5726
0.052930168049335286, 0.0031327287716405605, N, 1.0, 214
0.052930168049335286, 0.0031322123310253873, N, 1.0, 9273
0.052930168049335286, 0.0031316960606560078, N, 1.0, 8729
0.052930168049335286, 0.003131179960448253, N, 1.0, 8794
0.052930168049335286, 0.0031306640303180094, N, 1.0, 6087
0.052930168049335286, 0.003130148270181219, N, 1.0, 10886
0.052930168049335286, 0.003129632679953879, N, 1.0, 6840
0.052930168049335286, 0.003129117259552042, N, 1.0, 9355
0.052930168049335286, 0.0031286020088918164, N, 1.0, 5423
0.052930168049335286, 0.0031280869278893647, N, 1.0, 342
0.052930168049335286, 0.0031275720164609055, N, 1.0, 9017
0.052930168049335286, 0.003127057274522712, N, 1.0, 10148
0.052930168049335286, 0.003126542701991114, N, 1.0, 6782
0.052930168049335286, 0.0031260282987824943, N, 1.0, 2315
0.052930168049335286, 0.0031255140648132917, N, 1.0, 10114
0.052930168049335286, 0.003125, N, 1.0, 8155
0.052930168049335286, 0.003124486104259168, N, 1.0, 82
0.052930168049335286, 0.003123972377507399, N, 1.0, 3747
0.052930168049335286, 0.0031234588196613513, N, 1.0, 1202
0.052930168049335286, 0.0031229454306377384, N, 1.0, 9388
0.052930168049335286, 0.0031224322103533277, N, 1.0, 10374
0.052930168049335286, 0.0031219191587249424, N, 1.0, 9154
0.052930168049335286, 0.0031214062756694597, N, 1.0, 7287
0.052930168049335286, 0.0031208935611038106, N, 1.0, 7823
0.052930168049335286, 0.003120381014944983, N, 1.0, 3182
0.052930168049335286, 0.0031198686371100163, N, 1.0, 8330
0.052930168049335286, 0.003119356427516007, N, 1.0, 3679
0.052930168049335286, 0.003118844386080105, N, 1.0, 644
0.052930168049335286, 0.003118332512719514, N, 1.0, 1034
0.052930168049335286, 0.0031178208073514933, N, 1.0, 2687
0.052930168049335286, 0.003117309269893355, N, 1.0, 3482
0.052930168049335286, 0.003116797900262467, N, 1.0, 8654
0.052930168049335286, 0.0031162866983762507, N, 1.0, 10135
0.052930168049335286, 0.003115775664152181, N, 1.0, 3279
0.052930168049335286, 0.003115264797507788, N, 1.0, 5889
0.052930168049335286, 0.003114754098360656, N, 1.0, 6675
0.052930168049335286, 0.0031142435666284217, N, 1.0, 2531
0.052930168049335286, 0.0031137332022287776, N, 1.0, 9059
0.052930168049335286, 0.003113223005079469, N, 1.0, 11185
0.052930168049335286, 0.003112712975098296, N, 1.0, 7342
0.052930168049335286, 0.0031122031122031123, N, 1.0, 2662
0.052930168049335286, 0.0031116934163118244, N, 1.0, 4634
0.052930168049335286, 0.003111183887342394, N, 1.0, 5057
0.052930168049335286, 0.003110674525212836, N, 1.0, 4271
0.052930168049335286, 0.003110165329841218, N, 1.0, 8925
0.052930168049335286, 0.003109656301145663, N, 1.0, 4131
0.052930168049335286, 0.003109147439044346, N, 1.0, 1378
0.052930168049335286, 0.003108638743455497, N, 1.0, 8183
0.052930168049335286, 0.003108130214297399, N, 1.0, 5167
0.052930168049335286, 0.0031076218514883873, N, 1.0, 7518
0.05219083911320112, 0.003107113654946852, N, 1.0, 4898
0.05219083911320112, 0.003106605624591236, N, 1.0, 10238
0.05219083911320112, 0.003106097760340036, N, 1.0, 6873
0.05219083911320112, 0.003105590062111801, N, 1.0, 6935
0.05219083911320112, 0.0031050825298251346, N, 1.0, 8365
0.05219083911320112, 0.0031045751633986926, N, 1.0, 31
0.05219083911320112, 0.0031040679627511846, N, 1.0, 9033
0.05219083911320112, 0.003103560927801372, N, 1.0, 10302
0.05219083911320112, 0.003103054058468071, N, 1.0, 5741
0.05219083911320112, 0.0031025473546701502, N, 1.0, 8318
0.05219083911320112, 0.0031020408163265306, N, 1.0, 8769
0.05219083911320112, 0.003101534443356187, N, 1.0, 4372
0.05219083911320112, 0.003101028235678146, N, 1.0, 4576
0.05219083911320112, 0.003100522193211488, N, 1.0, 7588
0.05219083911320112, 0.003100016315875347, N, 1.0, 8145
0.05219083911320112, 0.003099510603588907, N, 1.0, 3888
0.05219083911320112, 0.0030990050562714074, N, 1.0, 9533
0.05219083911320112, 0.0030984996738421394, N, 1.0, 10865
0.05219083911320112, 0.0030979944562204466, N, 1.0, 6288
0.05219083911320112, 0.0030974894033257254, N, 1.0, 10348
0.05219083911320112, 0.0030969845150774244, N, 1.0, 5571
0.05219083911320112, 0.0030964797913950455, N, 1.0, 6667
0.05219083911320112, 0.0030959752321981426, N, 1.0, 7403
0.05219083911320112, 0.0030954708374063213, N, 1.0, 2720
0.05219083911320112, 0.003094966606939241, N, 1.0, 4818
0.05219083911320112, 0.003094462540716612, N, 1.0, 6739
0.05219083911320112, 0.003093958638658199, N, 1.0, 2642
0.05219083911320112, 0.0030934549006838164, N, 1.0, 3059
0.05219083911320112, 0.003092951326713332, N, 1.0, 3192
0.05219083911320112, 0.0030924479166666665, N, 1.0, 8961
0.05219083911320112, 0.003091944670463792, N, 1.0, 3890
0.05219083911320112, 0.0030914415880247317, N, 1.0, 6466
0.05219083911320112, 0.003090938669269562, N, 1.0, 4416
0.05219083911320112, 0.0030904359141184124, N, 1.0, 5216
0.05219083911320112, 0.003089933322491462, N, 1.0, 7691
0.05219083911320112, 0.003089430894308943, N, 1.0, 8260
0.05219083911320112, 0.0030889286294911397, N, 1.0, 116
0.05219083911320112, 0.0030884265279583875, N, 1.0, 1814
0.05219083911320112, 0.003087924589631074, N, 1.0, 2492
0.05219083911320112, 0.0030874228144296394, N, 1.0, 7651
0.05219083911320112, 0.0030869212022745737, N, 1.0, 4277
0.05219083911320112, 0.0030864197530864196, N, 1.0, 9770
0.05219083911320112, 0.0030859184667857724, N, 1.0, 1365
0.05219083911320112, 0.003085417343293277, N, 1.0, 5731
0.05219083911320112, 0.0030849163825296313, N, 1.0, 6940
0.05219083911320112, 0.0030844155844155846, N, 1.0, 4558
0.05219083911320112, 0.0030839149488719364, N, 1.0, 3776
0.05219083911320112, 0.003083414475819539, N, 1.0, 2103
0.05219083911320112, 0.003082914165179296, N, 1.0, 604
0.05219083911320112, 0.003082414016872161, N, 1.0, 2280
0.05219083911320112, 0.0030819140308191405, N, 1.0, 11236
0.05219083911320112, 0.003081414206941291, N, 1.0, 6941
0.05219083911320112, 0.003080914545159721, N, 1.0, 8178
0.05219083911320112, 0.00308041504539559, N, 1.0, 3498
0.05219083911320112, 0.0030799157075701088, N, 1.0, 848
0.05219083911320112, 0.003079416531604538, N, 1.0, 9934
0.05219083911320112, 0.0030789175174201914, N, 1.0, 4872
0.05219083911320112, 0.0030784186649384314, N, 1.0, 10054
0.05219083911320112, 0.003077919974080674, N, 1.0, 1681
0.05219083911320112, 0.0030774214447683835, N, 1.0, 1851
0.05219083911320112, 0.003076923076923077, N, 1.0, 5465
0.05219083911320112, 0.0030764248704663213, N, 1.0, 9055
0.05219083911320112, 0.0030759268253197345, N, 1.0, 1186
0.05219083911320112, 0.0030754289414049855, N, 1.0, 1296
0.05219083911320112, 0.0030749312186437935, N, 1.0, 1645
0.05219083911320112, 0.0030744336569579287, N, 1.0, 10854
0.05219083911320112, 0.0030739362562692122, N, 1.0, 6506
0.05219083911320112, 0.0030734390164995147, N, 1.0, 296
0.05219083911320112, 0.0030729419375707585, N, 1.0, 4122
0.05219083911320112, 0.003072445019404916, N, 1.0, 881
0.05219083911320112, 0.0030719482619240095, N, 1.0, 9984
0.05219083911320112, 0.0030714516650501133, N, 1.0, 5557
0.05219083911320112, 0.00307095522870535, N, 1.0, 2225
0.05219083911320112, 0.003070458952811894, N, 1.0, 8115
0.05219083911320112, 0.0030699628372919696, N, 1.0, 6182
0.05219083911320112, 0.0030694668820678513, N, 1.0, 2727
0.05219083911320112, 0.003068971087061864, N, 1.0, 4317
0.05219083911320112, 0.0030684754521963825, N, 1.0, 9641
0.05219083911320112, 0.003067979977393832, N, 1.0, 10325
0.05219083911320112, 0.003067484662576687, N, 1.0, 6926
0.05219083911320112, 0.0030669895076674736, N, 1.0, 7309
0.05219083911320112, 0.003066494512588767, N, 1.0, 3646
0.05219083911320112, 0.003065999677263192, N, 1.0, 495
0.05219083911320112, 0.003065505001613424, N, 1.0, 998
0.05219083911320112, 0.0030650104855621876, N, 1.0, 9718
0.05219083911320112, 0.003064516129032258, N, 1.0, 2176
0.05219083911320112, 0.00306402193194646, N, 1.0, 6025
0.05219083911320112, 0.0030635278942276684, N, 1.0, 11240
0.05219083911320112, 0.003063034015798807, N, 1.0, 7509
0.05219083911320112, 0.0030625402965828497, N, 1.0, 5467
0.05219083911320112, 0.0030620467365028202, N, 1.0, 817
0.05219083911320112, 0.003061553335481792, N, 1.0, 9409
0.05219083911320112, 0.003061060093442887, N, 1.0, 6751
0.05219083911320112, 0.0030605670103092783, N, 1.0, 3318
0.05219083911320112, 0.0030600740860041876, N, 1.0, 3484
0.05219083911320112, 0.0030595813204508855, N, 1.0, 3541
0.05219083911320112, 0.0030590887135726937, N, 1.0, 8923
0.05219083911320112, 0.0030585962652929814, N, 1.0, 4731
0.05219083911320112, 0.0030581039755351682, N, 1.0, 5503
0.05219083911320112, 0.003057611844222723, N, 1.0, 3346
0.05219083911320112, 0.0030571198712791635, N, 1.0, 8590
0.05219083911320112, 0.0030566280566280564, N, 1.0, 744
0.05219083911320112, 0.003056136400193019, N, 1.0, 2423
0.05219083911320112, 0.0030556449018977164, N, 1.0, 192
0.05219083911320112, 0.003055153561665863, N, 1.0, 9248
0.05219083911320112, 0.003054662379421222, N, 1.0, 1409
0.05219083911320112, 0.0030541713550876065, N, 1.0, 6995
0.05219083911320112, 0.003053680488588878, N, 1.0, 7661
0.05219083911320112, 0.0030531897798489476, N, 1.0, 9429
0.05219083911320112, 0.0030526992287917736, N, 1.0, 9724
0.05219083911320112, 0.0030522088353413654, N, 1.0, 9779
0.05219083911320112, 0.0030517185994217797, N, 1.0, 2066
0.05219083911320112, 0.003051228520957122, N, 1.0, 5808
0.05219083911320112, 0.0030507385998715477, N, 1.0, 6478
0.05219083911320112, 0.00305024883608926, N, 1.0, 7874
0.05219083911320112, 0.0030497592295345103, N, 1.0, 10988
0.05219083911320112, 0.0030492697801316002, N, 1.0, 7036
0.05219083911320112, 0.003048780487804878, N, 1.0, 3005
0.05219083911320112, 0.0030482913524787422, N, 1.0, 3414
0.05219083911320112, 0.0030478023740776387, N, 1.0, 8550
0.05219083911320112, 0.0030473135525260625, N, 1.0, 10079
0.05219083911320112, 0.0030468248877485566, N, 1.0, 1702
0.05219083911320112, 0.003046336379669713, N, 1.0, 2503
0.05219083911320112, 0.0030458480282141713, N, 1.0, 7850
0.05219083911320112, 0.0030453598333066195, N, 1.0, 10097
0.05219083911320112, 0.003044871794871795, N, 1.0, 5507
0.05219083911320112, 0.0030443839128344815, N, 1.0, 2254
0.05219083911320112, 0.003043896187119513, N, 1.0, 2779
0.05219083911320112, 0.00304340861765177, N, 1.0, 3840
0.05219083911320112, 0.003042921204356182, N, 1.0, 9595
0.05219083911320112, 0.003042433947157726, N, 1.0, 3754
0.05219083911320112, 0.003041946845981428, N, 1.0, 1549
0.05219083911320112, 0.003041459900752361, N, 1.0, 1789
0.05219083911320112, 0.003040973111395647, N, 1.0, 8821
0.05219083911320112, 0.003040486477836454, N, 1.0, 3921
0.05219083911320112, 0.00304, N, 1.0, 9222
0.05219083911320112, 0.00303951367781155, N, 1.0, 2640
0.05219083911320112, 0.0030390275111964174, N, 1.0, 3056
0.05219083911320112, 0.0030385415000799615, N, 1.0, 596
0.05145151017706695, 0.003038055644387592, N, 1.0, 1305
0.05145151017706695, 0.003037569944044764, N, 1.0, 5724
0.05145151017706695, 0.003037084398976982, N, 1.0, 1006
0.05145151017706695, 0.003036599009109797, N, 1.0, 9927
0.05145151017706695, 0.003036113774368808, N, 1.0, 4990
0.05145151017706695, 0.0030356286946796613, N, 1.0, 5100
0.05145151017706695, 0.0030351437699680513, N, 1.0, 6235
0.05145151017706695, 0.003034659000159719, N, 1.0, 3351
0.05145151017706695, 0.0030341743851804537, N, 1.0, 1023
0.05145151017706695, 0.0030336899249560913, N, 1.0, 1080
0.05145151017706695, 0.003033205619412516, N, 1.0, 1449
0.05145151017706695, 0.0030327214684756584, N, 1.0, 10787
0.05145151017706695, 0.003032237472071497, N, 1.0, 10991
0.05145151017706695, 0.003031753630126057, N, 1.0, 1043
0.05145151017706695, 0.0030312699425654116, N, 1.0, 1199
0.05145151017706695, 0.0030307864093156805, N, 1.0, 10697
0.05145151017706695, 0.0030303030303030303, N, 1.0, 7981
0.05145151017706695, 0.0030298198054536755, N, 1.0, 8929
0.05145151017706695, 0.0030293367346938774, N, 1.0, 8772
0.05145151017706695, 0.003028853817949944, N, 1.0, 766
0.05145151017706695, 0.003028371055148231, N, 1.0, 9238
0.05145151017706695, 0.0030278884462151393, N, 1.0, 1028
0.05145151017706695, 0.003027405991077119, N, 1.0, 4505
0.05145151017706695, 0.0030269236896606658, N, 1.0, 1182
0.05145151017706695, 0.003026441541892322, N, 1.0, 10850
0.05145151017706695, 0.003025959547698678, N, 1.0, 10993
0.05145151017706695, 0.0030254777070063696, N, 1.0, 6444
0.05145151017706695, 0.0030249960197420793, N, 1.0, 10126
0.05145151017706695, 0.0030245144858325372, N, 1.0, 8930
0.05145151017706695, 0.00302403310520452, N, 1.0, 1008
0.05145151017706695, 0.00302355187778485, N, 1.0, 9731
0.05145151017706695, 0.003023070803500398, N, 1.0, 1387
0.05145151017706695, 0.0030225898822780783, N, 1.0, 324
0.05145151017706695, 0.0030221091140448545, N, 1.0, 3872
0.05145151017706695, 0.0030216284987277355, N, 1.0, 10113
0.05145151017706695, 0.0030211480362537764, N, 1.0, 5015
0.05145151017706695, 0.0030206677265500795, N, 1.0, 10225
0.05145151017706695, 0.003020187569543793, N, 1.0, 1923
0.05145151017706695, 0.0030197075651621106, N, 1.0, 3423
0.05145151017706695, 0.003019227713332274, N, 1.0, 1656
0.05145151017706695, 0.0030187480139815697, N, 1.0, 5496
0.05145151017706695, 0.0030182684670373313, N, 1.0, 2127
0.05145151017706695, 0.0030177890724269376, N, 1.0, 8521
0.05145151017706695, 0.0030173098300778148, N, 1.0, 8760
0.05145151017706695, 0.003016830739917434, N, 1.0, 9152
0.05145151017706695, 0.0030163518018733134, N, 1.0, 9623
0.05145151017706695, 0.003015873015873016, N, 1.0, 1556
0.05145151017706695, 0.0030153943818441516, N, 1.0, 10351
0.05145151017706695, 0.0030149158997143763, N, 1.0, 10623
0.05145151017706695, 0.0030144375694113913, N, 1.0, 10831
0.05145151017706695, 0.003013959390862944, N, 1.0, 11030
0.05145151017706695, 0.003013481363996828, N, 1.0, 11426
0.05145151017706695, 0.0030130034887408817, N, 1.0, 7157
0.05145151017706695, 0.0030125257650229905, N, 1.0, 4436
0.05145151017706695, 0.0030120481927710845, N, 1.0, 10542
0.05145151017706695, 0.00301157077191314, N, 1.0, 2260
0.05145151017706695, 0.003011093502377179, N, 1.0, 11263
0.05145151017706695, 0.003010616384091269, N, 1.0, 1263
0.05145151017706695, 0.0030101394169835234, N, 1.0, 4976
0.05145151017706695, 0.0030096626009821006, N, 1.0, 5613
0.05145151017706695, 0.0030091859360152043, N, 1.0, 10970
0.05145151017706695, 0.0030087094220110845, N, 1.0, 3220
0.05145151017706695, 0.0030082330588980365, N, 1.0, 3909
0.05145151017706695, 0.0030077568466044006, N, 1.0, 799
0.05145151017706695, 0.0030072807850585626, N, 1.0, 9624
0.05145151017706695, 0.003006804874188954, N, 1.0, 3460
0.05145151017706695, 0.0030063291139240506, N, 1.0, 3830
0.05145151017706695, 0.0030058535041923747, N, 1.0, 10277
0.05145151017706695, 0.0030053780449224928, N, 1.0, 6629
0.05145151017706695, 0.0030049027360430176, N, 1.0, 2902
0.05145151017706695, 0.003004427577482606, N, 1.0, 3197
0.05145151017706695, 0.0030039525691699606, N, 1.0, 3308
0.05145151017706695, 0.0030034777110338287, N, 1.0, 1541
0.05145151017706695, 0.003003003003003003, N, 1.0, 6024
0.05145151017706695, 0.0030025284450063213, N, 1.0, 849
0.05145151017706695, 0.0030020540369726655, N, 1.0, 10310
0.05145151017706695, 0.0030015797788309636, N, 1.0, 8405
0.05145151017706695, 0.003001105670510188, N, 1.0, 8735
0.05145151017706695, 0.0030006317119393557, N, 1.0, 376
0.05145151017706695, 0.003000157903047529, N, 1.0, 9699
0.05145151017706695, 0.0029996842437638145, N, 1.0, 1931
0.05145151017706695, 0.002999210734017364, N, 1.0, 2498
0.05145151017706695, 0.0029987373737373735, N, 1.0, 2787
0.05145151017706695, 0.0029982641628530852, N, 1.0, 7971
0.05145151017706695, 0.0029977911012937833, N, 1.0, 832
0.05145151017706695, 0.0029973181889887996, N, 1.0, 4467
0.05145151017706695, 0.002996845425867508, N, 1.0, 1661
0.05145151017706695, 0.002996372811859328, N, 1.0, 1783
0.05145151017706695, 0.0029959003468937244, N, 1.0, 10294
0.05145151017706695, 0.0029954280309002048, N, 1.0, 41
0.05145151017706695, 0.0029949558638083227, N, 1.0, 3664
0.05145151017706695, 0.0029944838455476753, N, 1.0, 1498
0.05145151017706695, 0.0029940119760479044, N, 1.0, 2248
0.05145151017706695, 0.0029935402552386955, N, 1.0, 2834
0.05145151017706695, 0.0029930686830497793, N, 1.0, 3294
0.05145151017706695, 0.0029925972594109307, N, 1.0, 8480
0.05145151017706695, 0.0029921259842519685, N, 1.0, 3680
0.05145151017706695, 0.0029916548575027553, N, 1.0, 591
0.05145151017706695, 0.002991183879093199, N, 1.0, 10119
0.05145151017706695, 0.0029907130489532506, N, 1.0, 9374
0.05145151017706695, 0.0029902423670129055, N, 1.0, 5320
0.05145151017706695, 0.002989771833202203, N, 1.0, 10822
0.05145151017706695, 0.0029893014474512273, N, 1.0, 7014
0.05145151017706695, 0.0029888312096901055, N, 1.0, 10842
0.05145151017706695, 0.0029883611198490093, N, 1.0, 6730
0.05145151017706695, 0.002987891177858154, N, 1.0, 2637
0.05145151017706695, 0.002987421383647799, N, 1.0, 1097
0.05145151017706695, 0.0029869517371482472, N, 1.0, 6010
0.05145151017706695, 0.002986482238289846, N, 1.0, 6278
0.05145151017706695, 0.002986012887002986, N, 1.0, 6638
0.05145151017706695, 0.0029855436832181017, N, 1.0, 3599
0.05145151017706695, 0.0029850746268656717, N, 1.0, 300
0.05145151017706695, 0.0029846057178762172, N, 1.0, 3700
0.05145151017706695, 0.0029841369561803047, N, 1.0, 10974
0.05145151017706695, 0.0029836683417085426, N, 1.0, 4027
0.05145151017706695, 0.002983199874391584, N, 1.0, 1077
0.05145151017706695, 0.0029827315541601255, N, 1.0, 4932
0.05145151017706695, 0.0029822633809449065, N, 1.0, 10215
0.05145151017706695, 0.0029817953546767105, N, 1.0, 2596
0.05145151017706695, 0.0029813274752863643, N, 1.0, 4211
0.05145151017706695, 0.002980859742704738, N, 1.0, 930
0.05145151017706695, 0.002980392156862745, N, 1.0, 4893
0.05145151017706695, 0.0029799247176913427, N, 1.0, 10329
0.05145151017706695, 0.0029794574251215305, N, 1.0, 2273
0.05145151017706695, 0.0029789902790843524, N, 1.0, 5905
0.05145151017706695, 0.002978523279510895, N, 1.0, 560
0.05145151017706695, 0.0029780564263322882, N, 1.0, 9615
0.05145151017706695, 0.0029775897194797055, N, 1.0, 5868
0.05145151017706695, 0.002977123158884362, N, 1.0, 11243
0.05145151017706695, 0.0029766567444775185, N, 1.0, 7343
0.05145151017706695, 0.002976190476190476, N, 1.0, 5349
0.05145151017706695, 0.0029757243539545813, N, 1.0, 6258
0.05145151017706695, 0.0029752583777012216, N, 1.0, 650
0.05145151017706695, 0.0029747925473618286, N, 1.0, 1304
0.05145151017706695, 0.002974326862867877, N, 1.0, 10284
0.05145151017706695, 0.0029738613241508845, N, 1.0, 6331
0.05145151017706695, 0.00297339593114241, N, 1.0, 7063
0.05145151017706695, 0.0029729306837740573, N, 1.0, 7494
0.05145151017706695, 0.002972465581977472, N, 1.0, 2749
0.05145151017706695, 0.0029720006256843423, N, 1.0, 788
0.05145151017706695, 0.0029715358148264, N, 1.0, 4736
0.05145151017706695, 0.002971071149335418, N, 1.0, 2020
0.05145151017706695, 0.0029706066291432147, N, 1.0, 7942
0.05145151017706695, 0.002970142254181648, N, 1.0, 3228
0.05145151017706695, 0.0029696780243826195, N, 1.0, 3983
0.05145151017706695, 0.0029692139396780746, N, 1.0, 6681
0.05145151017706695, 0.00296875, N, 1.0, 7241
0.05145151017706695, 0.002968286205280425, N, 1.0, 7708
0.05145151017706695, 0.0029678225554514216, N, 1.0, 8554
0.05145151017706695, 0.002967359050445104, N, 1.0, 8784
0.05145151017706695, 0.002966895690193629, N, 1.0, 3688
0.050712181240932776, 0.002966432474629196, N, 1.0, 9596
0.050712181240932776, 0.0029659694036840464, N, 1.0, 4457
0.050712181240932776, 0.0029655064772904634, N, 1.0, 2217
0.050712181240932776, 0.002965043695380774, N, 1.0, 11090
0.050712181240932776, 0.002964581057887346, N, 1.0, 3419
0.050712181240932776, 0.00296411856474259, N, 1.0, 4223
0.050712181240932776, 0.002963656215878958, N, 1.0, 1007
0.050712181240932776, 0.002963194011228946, N, 1.0, 9501
0.050712181240932776, 0.0029627319507250895, N, 1.0, 1433
0.050712181240932776, 0.0029622700342999686, N, 1.0, 6267
0.050712181240932776, 0.0029618082618862044, N, 1.0, 7710
0.050712181240932776, 0.0029613466334164587, N, 1.0, 8849
0.050712181240932776, 0.002960885148823438, N, 1.0, 4844
0.050712181240932776, 0.002960423808039888, N, 1.0, 6290
0.050712181240932776, 0.002959962610998598, N, 1.0, 9797
0.050712181240932776, 0.002959501557632399, N, 1.0, 1849
0.050712181240932776, 0.0029590406478741628, N, 1.0, 3407
0.050712181240932776, 0.0029585798816568047, N, 1.0, 7618
0.050712181240932776, 0.0029581192589132805, N, 1.0, 4623
0.050712181240932776, 0.002957658779576588, N, 1.0, 2295
0.050712181240932776, 0.0029571984435797665, N, 1.0, 343
0.050712181240932776, 0.002956738250855898, N, 1.0, 1425
0.050712181240932776, 0.0029562782013381047, N, 1.0, 10449
0.050712181240932776, 0.002955818294959552, N, 1.0, 11412
0.050712181240932776, 0.002955358531653445, N, 1.0, 402
0.050712181240932776, 0.0029548989113530326, N, 1.0, 1622
0.050712181240932776, 0.002954439433991603, N, 1.0, 1796
0.050712181240932776, 0.0029539800995024876, N, 1.0, 8328
0.050712181240932776, 0.002953520907819058, N, 1.0, 755
0.050712181240932776, 0.002953061858874728, N, 1.0, 7141
0.050712181240932776, 0.0029526029526029526, N, 1.0, 2926
0.050712181240932776, 0.002952144188937228, N, 1.0, 4383
0.050712181240932776, 0.0029516855678110923, N, 1.0, 7057
0.050712181240932776, 0.0029512270891581234, N, 1.0, 4402
0.050712181240932776, 0.0029507687529119427, N, 1.0, 10092
0.050712181240932776, 0.0029503105590062114, N, 1.0, 5142
0.050712181240932776, 0.0029498525073746312, N, 1.0, 7871
0.050712181240932776, 0.0029493945979509467, N, 1.0, 3503
0.050712181240932776, 0.002948936830668943, N, 1.0, 2594
0.050712181240932776, 0.0029484792054624456, N, 1.0, 869
0.050712181240932776, 0.002948021722265322, N, 1.0, 4520
0.050712181240932776, 0.00294756438101148, N, 1.0, 1374
0.050712181240932776, 0.002947107181634869, N, 1.0, 9156
0.050712181240932776, 0.002946650124069479, N, 1.0, 9283
0.050712181240932776, 0.002946193208249341, N, 1.0, 10933
0.050712181240932776, 0.002945736434108527, N, 1.0, 3866
0.050712181240932776, 0.0029452798015811503, N, 1.0, 9645
0.050712181240932776, 0.002944823310601364, N, 1.0, 9704
0.050712181240932776, 0.0029443669611033626, N, 1.0, 8570
0.050712181240932776, 0.002943910753021382, N, 1.0, 3510
0.050712181240932776, 0.002943454686289698, N, 1.0, 3417
0.050712181240932776, 0.002942998760842627, N, 1.0, 459
0.050712181240932776, 0.002942542976614527, N, 1.0, 9048
0.050712181240932776, 0.0029420873335397955, N, 1.0, 9515
0.050712181240932776, 0.002941631831552872, N, 1.0, 1448
0.050712181240932776, 0.0029411764705882353, N, 1.0, 2039
0.050712181240932776, 0.0029407212505804057, N, 1.0, 8629
0.050712181240932776, 0.002940266171463943, N, 1.0, 3946
0.0499728523047986, 0.002939811233173449, N, 1.0, 3723
0.0499728523047986, 0.0029393564356435644, N, 1.0, 2379
0.0499728523047986, 0.0029389017788089716, N, 1.0, 8744
0.0499728523047986, 0.002938447262604392, N, 1.0, 8836
0.0499728523047986, 0.0029379928869645894, N, 1.0, 815
0.0499728523047986, 0.002937538651824366, N, 1.0, 1113
0.0499728523047986, 0.0029370845571185657, N, 1.0, 6787
0.0499728523047986, 0.002936630602782071, N, 1.0, 963
0.049233523368664434, 0.0029361767887498068, N, 1.0, 3235
0.046636136504231686, 0.0029357231149567367, N, 1.0, 6066
0.046636136504231686, 0.002935269581337865, N, 1.0, 6179
0.046636136504231686, 0.002934816187828236, N, 1.0, 1174
0.045896807568097504, 0.0029343629343629345, N, 1.0, 775
0.045896807568097504, 0.002933909820877085, N, 1.0, 11070
0.045896807568097504, 0.0029334568473058514, N, 1.0, 7133
0.045896807568097504, 0.0029330040135844395, N, 1.0, 10346
0.045896807568097504, 0.002932551319648094, N, 1.0, 2842
0.045896807568097504, 0.002932098765432099, N, 1.0, 1326
0.045896807568097504, 0.002931646350871779, N, 1.0, 2023
0.045896807568097504, 0.0029311940759024994, N, 1.0, 115
0.045896807568097504, 0.002930741940459664, N, 1.0, 9351
0.045896807568097504, 0.002930289944478717, N, 1.0, 4295
0.045896807568097504, 0.0029298380878951427, N, 1.0, 2805
0.045896807568097504, 0.002929386370644465, N, 1.0, 405
0.045896807568097504, 0.0029289347926622477, N, 1.0, 7189
0.045896807568097504, 0.002928483353884094, N, 1.0, 8589
0.045896807568097504, 0.0029280320542456463, N, 1.0, 6368
0.045896807568097504, 0.002927580893682589, N, 1.0, 7824
0.045896807568097504, 0.0029271298721306425, N, 1.0, 1823
0.045896807568097504, 0.00292667898952557, N, 1.0, 1871
0.045896807568097504, 0.002926228245803173, N, 1.0, 5304
0.045896807568097504, 0.0029257776408992916, N, 1.0, 9778
0.045896807568097504, 0.0029253271747498076, N, 1.0, 1649
0.045896807568097504, 0.0029248768472906403, N, 1.0, 2230
0.045896807568097504, 0.0029244266584577496, N, 1.0, 6313
0.045896807568097504, 0.0029239766081871343, N, 1.0, 9465
0.045896807568097504, 0.002923526696414833, N, 1.0, 4655
0.045896807568097504, 0.002923076923076923, N, 1.0, 2992
0.045157478631963344, 0.0029226272881095216, N, 1.0, 10605
0.045157478631963344, 0.002922177791448785, N, 1.0, 10649
0.045157478631963344, 0.0029217284330309086, N, 1.0, 7495
0.045157478631963344, 0.002921279212792128, N, 1.0, 4016
0.045157478631963344, 0.0029208301306687164, N, 1.0, 9497
0.045157478631963344, 0.0029203811865969875, N, 1.0, 5271
0.045157478631963344, 0.0029199323805132933, N, 1.0, 6949
0.045157478631963344, 0.0029194837123540257, N, 1.0, 7748
0.045157478631963344, 0.0029190351820556153, N, 1.0, 8535
0.045157478631963344, 0.0029185867895545315, N, 1.0, 175
0.045157478631963344, 0.0029181385347872833, N, 1.0, 11300
0.045157478631963344, 0.0029176904176904175, N, 1.0, 7532
0.045157478631963344, 0.002917242438200522, N, 1.0, 8023
0.045157478631963344, 0.0029167945962542217, N, 1.0, 3494
0.045157478631963344, 0.0029163468917881813, N, 1.0, 8810
0.045157478631963344, 0.0029158993247391037, N, 1.0, 1386
0.045157478631963344, 0.0029154518950437317, N, 1.0, 5511
0.045157478631963344, 0.002915004602638846, N, 1.0, 7093
0.045157478631963344, 0.002914557447461267, N, 1.0, 2768
0.045157478631963344, 0.002914110429447853, N, 1.0, 3230
0.045157478631963344, 0.002913663548535501, N, 1.0, 4432
0.045157478631963344, 0.002913216804661147, N, 1.0, 2258
0.045157478631963344, 0.002912770197761766, N, 1.0, 10954
0.045157478631963344, 0.0029123237277743717, N, 1.0, 9315
0.045157478631963344, 0.0029118773946360155, N, 1.0, 10289
0.045157478631963344, 0.0029114311982837877, N, 1.0, 354
0.045157478631963344, 0.0029109851386548186, N, 1.0, 565
0.045157478631963344, 0.0029105392156862746, N, 1.0, 4556
0.045157478631963344, 0.0029100934293153622, N, 1.0, 10941
0.045157478631963344, 0.002909647779479326, N, 1.0, 6541
0.045157478631963344, 0.0029092022661154496, N, 1.0, 7463
0.045157478631963344, 0.002908756889161053, N, 1.0, 9754
0.045157478631963344, 0.0029083116485534976, N, 1.0, 1293
0.045157478631963344, 0.0029078665442301807, N, 1.0, 1350
0.045157478631963344, 0.002907421576128539, N, 1.0, 6504
0.045157478631963344, 0.0029069767441860465, N, 1.0, 8691
0.045157478631963344, 0.002906532048340217, N, 1.0, 8795
0.045157478631963344, 0.002906087488528602, N, 1.0, 7264
0.045157478631963344, 0.00290564306468879, N, 1.0, 8112
0.045157478631963344, 0.0029051987767584097, N, 1.0, 566
0.045157478631963344, 0.002904754624675126, N, 1.0, 6111
0.045157478631963344, 0.002904310608376643, N, 1.0, 6362
0.045157478631963344, 0.002903866727800703, N, 1.0, 426
0.045157478631963344, 0.0029034229828850855, N, 1.0, 2155
0.045157478631963344, 0.0029029793735676087, N, 1.0, 8855
0.045157478631963344, 0.0029025358997861288, N, 1.0, 8964
0.045157478631963344, 0.0029020925614785397, N, 1.0, 11133
0.045157478631963344, 0.0029016493585827734, N, 1.0, 9339
0.045157478631963344, 0.0029012062910367996, N, 1.0, 6844
0.045157478631963344, 0.002900763358778626, N, 1.0, 6904
0.045157478631963344, 0.0029003205617462984, N, 1.0, 3356
0.045157478631963344, 0.0028998778998779, N, 1.0, 769
0.045157478631963344, 0.0028994353731115518, N, 1.0, 10738
0.045157478631963344, 0.0028989929813854134, N, 1.0, 9482
0.045157478631963344, 0.002898550724637681, N, 1.0, 10926
0.045157478631963344, 0.0028981086028065893, N, 1.0, 2512
0.045157478631963344, 0.0028976666158304102, N, 1.0, 9229
0.045157478631963344, 0.0028972247636474533, N, 1.0, 7108
0.045157478631963344, 0.0028967830461960665, N, 1.0, 2832
0.045157478631963344, 0.002896341463414634, N, 1.0, 3697
0.045157478631963344, 0.002895900015241579, N, 1.0, 10820
0.045157478631963344, 0.0028954587016153614, N, 1.0, 8117
0.045157478631963344, 0.0028950175224744783, N, 1.0, 3863
0.045157478631963344, 0.002894576477757465, N, 1.0, 1392
0.045157478631963344, 0.002894135567402894, N, 1.0, 4875
0.045157478631963344, 0.0028936947913493754, N, 1.0, 5164
0.045157478631963344, 0.0028932541495355567, N, 1.0, 8139
0.045157478631963344, 0.0028928136419001218, N, 1.0, 9759
0.045157478631963344, 0.002892373268381793, N, 1.0, 347
0.045157478631963344, 0.00289193302891933, N, 1.0, 390
0.045157478631963344, 0.0028914929234515295, N, 1.0, 8860
0.045157478631963344, 0.0028910529519172246, N, 1.0, 9141
0.045157478631963344, 0.002890613114255287, N, 1.0, 1159
0.045157478631963344, 0.002890173410404624, N, 1.0, 1268
0.045157478631963344, 0.0028897338403041824, N, 1.0, 6660
0.045157478631963344, 0.002889294403892944, N, 1.0, 2351
0.045157478631963344, 0.0028888551011099287, N, 1.0, 2872
0.045157478631963344, 0.002888415931894193, N, 1.0, 8181
0.045157478631963344, 0.0028879768961848303, N, 1.0, 411
0.045157478631963344, 0.002887537993920973, N, 1.0, 520
0.045157478631963344, 0.002887099225041787, N, 1.0, 4367
0.045157478631963344, 0.0028866605894864784, N, 1.0, 10358
0.045157478631963344, 0.002886222087194288, N, 1.0, 5281
0.045157478631963344, 0.002885783718104496, N, 1.0, 7035
0.045157478631963344, 0.002885345482156416, N, 1.0, 1606
0.045157478631963344, 0.002884907379289402, N, 1.0, 2516
0.045157478631963344, 0.002884469409442842, N, 1.0, 7938
0.045157478631963344, 0.0028840315725561626, N, 1.0, 6677
0.045157478631963344, 0.002883593868568827, N, 1.0, 7358
0.045157478631963344, 0.002883156297420334, N, 1.0, 7529
0.045157478631963344, 0.00288271885905022, N, 1.0, 1874
0.045157478631963344, 0.0028822815533980583, N, 1.0, 5661
0.045157478631963344, 0.002881844380403458, N, 1.0, 11372
0.045157478631963344, 0.002881407340006066, N, 1.0, 2414
0.045157478631963344, 0.0028809704321455646, N, 1.0, 3618
0.045157478631963344, 0.002880533656761674, N, 1.0, 8940
0.045157478631963344, 0.002880097013794149, N, 1.0, 1340
0.045157478631963344, 0.002879660503182783, N, 1.0, 1447
0.045157478631963344, 0.0028792241248674043, N, 1.0, 10064
0.045157478631963344, 0.0028787878787878787, N, 1.0, 1688
0.045157478631963344, 0.0028783517648841087, N, 1.0, 2639
0.045157478631963344, 0.0028779157830960316, N, 1.0, 8684
0.045157478631963344, 0.0028774799333636226, N, 1.0, 4216
0.045157478631963344, 0.0028770442156268927, N, 1.0, 10189
0.045157478631963344, 0.0028766086298258895, N, 1.0, 5788
0.045157478631963344, 0.0028761731759006964, N, 1.0, 3204
0.045157478631963344, 0.002875737853791433, N, 1.0, 9270
0.045157478631963344, 0.0028753026634382567, N, 1.0, 9326
0.045157478631963344, 0.002874867604781359, N, 1.0, 10098
0.045157478631963344, 0.002874432677760968, N, 1.0, 1667
0.045157478631963344, 0.00287399788231735, N, 1.0, 11187
0.045157478631963344, 0.0028735632183908046, N, 1.0, 6883
0.045157478631963344, 0.0028731286859216693, N, 1.0, 9950
0.045157478631963344, 0.0028726942848503177, N, 1.0, 4880
0.045157478631963344, 0.002872260015117158, N, 1.0, 10631
0.04441814969582917, 0.002871825876662636, N, 1.0, 823
0.04441814969582917, 0.002871391869427233, N, 1.0, 1197
0.04441814969582917, 0.0028709579933514657, N, 1.0, 1527
0.04441814969582917, 0.0028705242483758877, N, 1.0, 1939
0.04441814969582917, 0.002870090634441088, N, 1.0, 10443
0.04441814969582917, 0.0028696571514876907, N, 1.0, 10919
0.04441814969582917, 0.0028692237994563576, N, 1.0, 2398
0.04441814969582917, 0.002868790578287785, N, 1.0, 2447
0.04441814969582917, 0.0028683574879227055, N, 1.0, 7545
0.04441814969582917, 0.0028679245283018866, N, 1.0, 156
0.04441814969582917, 0.0028674916993661334, N, 1.0, 396
0.04441814969582917, 0.0028670590010562848, N, 1.0, 3805
0.04441814969582917, 0.0028666264333132166, N, 1.0, 3961
0.04441814969582917, 0.00286619399607784, N, 1.0, 10714
0.04441814969582917, 0.002865761689291101, N, 1.0, 10827
0.04441814969582917, 0.0028653295128939827, N, 1.0, 11245
0.04441814969582917, 0.002864897466827503, N, 1.0, 2767
0.04441814969582917, 0.002864465551032715, N, 1.0, 3572
0.04441814969582917, 0.0028640337654507087, N, 1.0, 1398
0.04441814969582917, 0.0028636021100226076, N, 1.0, 1505
0.04441814969582917, 0.002863170584689572, N, 1.0, 2094
0.04441814969582917, 0.002862739189392798, N, 1.0, 5758
0.04441814969582917, 0.002862307924073516, N, 1.0, 6064
0.04441814969582917, 0.002861876788672993, N, 1.0, 4335
0.04441814969582917, 0.00286144578313253, N, 1.0, 1103
0.04441814969582917, 0.002861014907393465, N, 1.0, 11128
0.04441814969582917, 0.0028605841613971697, N, 1.0, 11174
0.04441814969582917, 0.002860153545085052, N, 1.0, 6645
0.04441814969582917, 0.0028597230583985553, N, 1.0, 7857
0.04441814969582917, 0.0028592927012791574, N, 1.0, 8042
0.04441814969582917, 0.002858862473668372, N, 1.0, 3555
0.04441814969582917, 0.002858432375507748, N, 1.0, 305
0.04441814969582917, 0.002858002406738869, N, 1.0, 9329
0.04441814969582917, 0.002857572567303354, N, 1.0, 10408
0.04441814969582917, 0.002857142857142857, N, 1.0, 10884
0.04441814969582917, 0.002856713276199068, N, 1.0, 6305
0.04441814969582917, 0.0028562838244137103, N, 1.0, 8192
0.04441814969582917, 0.0028558545017285434, N, 1.0, 3285
0.04441814969582917, 0.0028554253080853623, N, 1.0, 8828
0.04441814969582917, 0.0028549962434259953, N, 1.0, 10069
0.04441814969582917, 0.0028545673076923075, N, 1.0, 6131
0.04441814969582917, 0.0028541385008261978, N, 1.0, 11162
0.04441814969582917, 0.0028537098227696006, N, 1.0, 11392
0.04441814969582917, 0.002853281273464484, N, 1.0, 7424
0.04441814969582917, 0.002852852852852853, N, 1.0, 9979
0.04441814969582917, 0.0028524245608767453, N, 1.0, 7262
0.04441814969582917, 0.0028519963974782347, N, 1.0, 7617
0.04441814969582917, 0.0028515683625994297, N, 1.0, 7861
0.04441814969582917, 0.002851140456182473, N, 1.0, 8758
0.04441814969582917, 0.0028507126781695423, N, 1.0, 9555
0.04441814969582917, 0.0028502850285028504, N, 1.0, 4797
0.04441814969582917, 0.002849857507124644, N, 1.0, 10409
0.04441814969582917, 0.0028494301139772044, N, 1.0, 10829
0.04441814969582917, 0.002849002849002849, N, 1.0, 6237
0.04441814969582917, 0.002848575712143928, N, 1.0, 8009
0.04441814969582917, 0.002848148703342827, N, 1.0, 1247
0.04441814969582917, 0.0028477218225419665, N, 1.0, 6920
0.04441814969582917, 0.0028472950696838005, N, 1.0, 2329
0.04441814969582917, 0.0028468684447108183, N, 1.0, 3011
0.04441814969582917, 0.002846441947565543, N, 1.0, 3130
0.04441814969582917, 0.002846015578190533, N, 1.0, 8347
0.04441814969582917, 0.002845589336528381, N, 1.0, 828
0.04441814969582917, 0.0028451632225217132, N, 1.0, 9535
0.04441814969582917, 0.0028447372361131906, N, 1.0, 9650
0.04441814969582917, 0.002844311377245509, N, 1.0, 4975
0.04441814969582917, 0.002843885645861398, N, 1.0, 10242
0.04441814969582917, 0.0028434600419036215, N, 1.0, 5913
0.04441814969582917, 0.0028430345653149783, N, 1.0, 10969
0.04441814969582917, 0.0028426092160383004, N, 1.0, 11366
0.04441814969582917, 0.002842183994016455, N, 1.0, 2346
0.04441814969582917, 0.0028417588991923423, N, 1.0, 3028
0.04441814969582917, 0.002841333931508898, N, 1.0, 9037
0.04441814969582917, 0.002840909090909091, N, 1.0, 10000
0.04441814969582917, 0.0028404843773359245, N, 1.0, 1679
0.04441814969582917, 0.0028400597907324364, N, 1.0, 10573
0.04441814969582917, 0.0028396353310416976, N, 1.0, 480
0.04441814969582917, 0.002839210998206814, N, 1.0, 8947
0.04441814969582917, 0.002838786792170925, N, 1.0, 9241
0.04441814969582917, 0.0028383627128772035, N, 1.0, 4155
0.04441814969582917, 0.0028379387602688573, N, 1.0, 1578
0.04441814969582917, 0.002837514934289128, N, 1.0, 5532
0.04441814969582917, 0.00283709123488129, N, 1.0, 11349
0.04441814969582917, 0.0028366676619886533, N, 1.0, 2330
0.04441814969582917, 0.0028362442155545602, N, 1.0, 2603
0.04441814969582917, 0.002835820895522388, N, 1.0, 4342
0.04441814969582917, 0.002835397701835547, N, 1.0, 10129
0.04441814969582917, 0.0028349746344374814, N, 1.0, 5198
0.04441814969582917, 0.0028345516932716695, N, 1.0, 11321
0.04441814969582917, 0.0028341288782816228, N, 1.0, 468
0.04441814969582917, 0.0028337061894108872, N, 1.0, 4684
0.04441814969582917, 0.0028332836266030423, N, 1.0, 10103
0.04441814969582917, 0.0028328611898017, N, 1.0, 5337
0.04441814969582917, 0.002832438878950507, N, 1.0, 5747
0.04441814969582917, 0.0028320166939931435, N, 1.0, 6308
0.04441814969582917, 0.0028315946348733234, N, 1.0, 2317
0.04441814969582917, 0.0028311727015347937, N, 1.0, 2633
0.04441814969582917, 0.002830750893921335, N, 1.0, 3523
0.04441814969582917, 0.0028303292119767616, N, 1.0, 328
0.04441814969582917, 0.002829907655644921, N, 1.0, 1352
0.04441814969582917, 0.002829486224869695, N, 1.0, 5533
0.04441814969582917, 0.002829064919594997, N, 1.0, 2742
0.04441814969582917, 0.002828643739764776, N, 1.0, 3537
0.04441814969582917, 0.0028282226853230128, N, 1.0, 4057
0.04441814969582917, 0.0028278017562137223, N, 1.0, 4071
0.04441814969582917, 0.0028273809523809523, N, 1.0, 831
0.04441814969582917, 0.0028269602737687844, N, 1.0, 10036
0.04441814969582917, 0.002826539720321333, N, 1.0, 5089
0.04441814969582917, 0.002826119291982746, N, 1.0, 11180
0.04441814969582917, 0.002825698988697204, N, 1.0, 3092
0.04441814969582917, 0.002825278810408922, N, 1.0, 270
0.04441814969582917, 0.002824858757062147, N, 1.0, 358
0.04441814969582917, 0.0028244388286011593, N, 1.0, 4143
0.04441814969582917, 0.0028240190249702733, N, 1.0, 5278
0.04441814969582917, 0.0028235993461138355, N, 1.0, 8615
0.04441814969582917, 0.002823179791976226, N, 1.0, 3627
0.04441814969582917, 0.002822760362501857, N, 1.0, 770
0.04441814969582917, 0.002822341057635175, N, 1.0, 10740
0.04441814969582917, 0.0028219218773206595, N, 1.0, 6272
0.04441814969582917, 0.0028215028215028215, N, 1.0, 8967
0.04441814969582917, 0.0028210838901262065, N, 1.0, 610
0.04441814969582917, 0.0028206650831353918, N, 1.0, 10613
0.04441814969582917, 0.002820246400474989, N, 1.0, 2350
0.04441814969582917, 0.0028198278420896407, N, 1.0, 4192
0.04441814969582917, 0.002819409407924024, N, 1.0, 4365
0.04441814969582917, 0.0028189910979228485, N, 1.0, 5341
0.04441814969582917, 0.002818572912030856, N, 1.0, 10674
0.04441814969582917, 0.0028181548501928213, N, 1.0, 7527
0.04441814969582917, 0.002817736912353552, N, 1.0, 9057
0.04441814969582917, 0.0028173190984578885, N, 1.0, 9120
0.04441814969582917, 0.0028169014084507044, N, 1.0, 1096
0.04441814969582917, 0.0028164838422769047, N, 1.0, 4442
0.04441814969582917, 0.0028160663998814286, N, 1.0, 2111
0.04441814969582917, 0.002815649081209247, N, 1.0, 10914
0.04441814969582917, 0.002815231886205364, N, 1.0, 2648
0.04441814969582917, 0.0028148148148148147, N, 1.0, 2691
0.04441814969582917, 0.0028143978669826694, N, 1.0, 8219
0.04441814969582917, 0.0028139810426540284, N, 1.0, 3698
0.04441814969582917, 0.0028135643417740263, N, 1.0, 3800
0.04441814969582917, 0.0028131477642878294, N, 1.0, 10197
0.04441814969582917, 0.0028127313101406364, N, 1.0, 5092
0.04441814969582917, 0.002812314979277679, N, 1.0, 5560
0.04441814969582917, 0.002811898771644221, N, 1.0, 8247
0.04441814969582917, 0.0028114826871855577, N, 1.0, 3225
0.04441814969582917, 0.002811066725847019, N, 1.0, 8721
0.04441814969582917, 0.0028106508875739645, N, 1.0, 9099
0.04441814969582917, 0.002810235172311788, N, 1.0, 684
0.04441814969582917, 0.0028098195800059155, N, 1.0, 4306
0.04441814969582917, 0.002809404110601804, N, 1.0, 9941
0.04441814969582917, 0.0028089887640449437, N, 1.0, 10106
0.04441814969582917, 0.0028085735402808574, N, 1.0, 10214
0.04441814969582917, 0.002808158439255099, N, 1.0, 1805
0.04441814969582917, 0.0028077434609132556, N, 1.0, 6910
0.04441814969582917, 0.0028073286052009458, N, 1.0, 3004
0.04441814969582917, 0.0028069138720638203, N, 1.0, 8677
0.04441814969582917, 0.002806499261447563, N, 1.0, 2267
0.04441814969582917, 0.002806084773297888, N, 1.0, 6454
0.04441814969582917, 0.0028056704075605436, N, 1.0, 2607
0.04441814969582917, 0.002805256164181308, N, 1.0, 558
0.04441814969582917, 0.0028048420431059937, N, 1.0, 9081
0.04441814969582917, 0.002804428044280443, N, 1.0, 4011
0.04441814969582917, 0.002804014167650531, N, 1.0, 6414
0.04441814969582917, 0.002803600413162166, N, 1.0, 6528
0.04441814969582917, 0.0028031867807612864, N, 1.0, 8527
0.04441814969582917, 0.0028027732703938633, N, 1.0, 275
0.04441814969582917, 0.0028023598820058997, N, 1.0, 9159
0.04441814969582917, 0.00280194661554343, N, 1.0, 4307
0.04441814969582917, 0.0028015334709525215, N, 1.0, 1338
0.04441814969582917, 0.0028011204481792717, N, 1.0, 1806
0.04441814969582917, 0.002800707547169811, N, 1.0, 10359
0.04441814969582917, 0.002800294767870302, N, 1.0, 5893
0.04441814969582917, 0.002799882110226938, N, 1.0, 5936
0.04441814969582917, 0.0027994695741859438, N, 1.0, 6852
0.04441814969582917, 0.0027990571596935767, N, 1.0, 7700
0.04441814969582917, 0.002798644866696126, N, 1.0, 5186
0.04441814969582917, 0.0027982326951399117, N, 1.0, 5368
0.04441814969582917, 0.0027978206449712855, N, 1.0, 9269
0.04441814969582917, 0.0027974087161366313, N, 1.0, 1322
0.04441814969582917, 0.0027969969085823642, N, 1.0, 4792
0.04441814969582917, 0.002796585222254931, N, 1.0, 10712
0.04441814969582917, 0.0027961736571008094, N, 1.0, 10824
0.04441814969582917, 0.0027957622130665096, N, 1.0, 11420
0.04441814969582917, 0.002795350890098573, N, 1.0, 7746
0.04441814969582917, 0.002794939688143572, N, 1.0, 317
0.04441814969582917, 0.00279452860714811, N, 1.0, 9443
0.04441814969582917, 0.0027941176470588237, N, 1.0, 9631
0.04441814969582917, 0.0027937068078223793, N, 1.0, 5586
0.04441814969582917, 0.002793296089385475, N, 1.0, 2735
0.04441814969582917, 0.0027928854916948404, N, 1.0, 7830
0.04441814969582917, 0.002792475014697237, N, 1.0, 8628
0.04441814969582917, 0.0027920646583394562, N, 1.0, 9253
0.04441814969582917, 0.002791654422568322, N, 1.0, 9414
0.04441814969582917, 0.002791244307330689, N, 1.0, 4895
0.04441814969582917, 0.002790834312573443, N, 1.0, 1703
0.04441814969582917, 0.002790424438243501, N, 1.0, 11361
0.04441814969582917, 0.002790014684287812, N, 1.0, 2796
0.04441814969582917, 0.002789605050653355, N, 1.0, 2860
0.04441814969582917, 0.0027891955372871405, N, 1.0, 8439
0.04441814969582917, 0.00278878614413621, N, 1.0, 4183
0.04441814969582917, 0.002788376871147637, N, 1.0, 889
0.04441814969582917, 0.0027879677182685255, N, 1.0, 9727
0.04441814969582917, 0.0027875586854460093, N, 1.0, 2071
0.04441814969582917, 0.002787149772627255, N, 1.0, 6233
0.04441814969582917, 0.0027867409797594604, N, 1.0, 11422
0.04441814969582917, 0.002786332306789852, N, 1.0, 6532
0.04441814969582917, 0.0027859237536656894, N, 1.0, 2356
0.04441814969582917, 0.002785515320334262, N, 1.0, 2572
0.04441814969582917, 0.0027851070067428907, N, 1.0, 7681
0.04441814969582917, 0.002784698812838927, N, 1.0, 2876
0.04441814969582917, 0.002784290738569754, N, 1.0, 8530
0.04441814969582917, 0.002783882783882784, N, 1.0, 8942
0.04441814969582917, 0.0027834749487254617, N, 1.0, 4094
0.04441814969582917, 0.0027830672330452617, N, 1.0, 4197
0.04441814969582917, 0.0027826596367896894, N, 1.0, 1632
0.04441814969582917, 0.002782252159906282, N, 1.0, 10270
0.04441814969582917, 0.0027818448023426063, N, 1.0, 10679
0.04441814969582917, 0.0027814375640462597, N, 1.0, 10952
0.04441814969582917, 0.0027810304449648712, N, 1.0, 6436
0.04441814969582917, 0.0027806234450460997, N, 1.0, 7422
0.04441814969582917, 0.002780216564237635, N, 1.0, 7832
0.04441814969582917, 0.002779809802487198, N, 1.0, 3469
0.04441814969582917, 0.0027794031597425397, N, 1.0, 9013
0.043678820759695, 0.0027789966359514405, N, 1.0, 3755
0.043678820759695, 0.002778590231061714, N, 1.0, 9197
0.043678820759695, 0.002778183945021202, N, 1.0, 1960
0.043678820759695, 0.002777777777777778, N, 1.0, 2184
0.043678820759695, 0.002777371729279345, N, 1.0, 8728
0.043678820759695, 0.002776965799473838, N, 1.0, 9049
0.043678820759695, 0.002776559988309221, N, 1.0, 9634
0.043678820759695, 0.002776154295733489, N, 1.0, 4502
0.043678820759695, 0.0027757487216946678, N, 1.0, 4816
0.043678820759695, 0.002775343266140812, N, 1.0, 2150
0.043678820759695, 0.002774937929020009, N, 1.0, 11159
0.043678820759695, 0.0027745327102803737, N, 1.0, 9418
0.043678820759695, 0.002774127609870054, N, 1.0, 1259
0.043678820759695, 0.002773722627737226, N, 1.0, 10083
0.043678820759695, 0.0027733177638300977, N, 1.0, 5250
0.043678820759695, 0.002772913018096906, N, 1.0, 2654
0.043678820759695, 0.0027725083904859187, N, 1.0, 2918
0.043678820759695, 0.0027721038809454335, N, 1.0, 352
0.043678820759695, 0.0027716994894237783, N, 1.0, 9666
0.043678820759695, 0.0027712952158693116, N, 1.0, 7566
0.043678820759695, 0.0027708910602304215, N, 1.0, 7685
0.043678820759695, 0.0027704870224555265, N, 1.0, 3928
0.043678820759695, 0.002770083102493075, N, 1.0, 654
0.043678820759695, 0.0027696793002915453, N, 1.0, 4048
0.043678820759695, 0.002769275615799446, N, 1.0, 1045
0.043678820759695, 0.002768872048965316, N, 1.0, 9226
0.043678820759695, 0.002768468599737724, N, 1.0, 2668
0.043678820759695, 0.002768065268065268, N, 1.0, 861
0.043678820759695, 0.002767662053896577, N, 1.0, 1030
0.043678820759695, 0.002767258957180309, N, 1.0, 4435
0.043678820759695, 0.002766855977865152, N, 1.0, 5124
0.043678820759695, 0.002766453115899825, N, 1.0, 5947
0.043678820759695, 0.0027660503712330763, N, 1.0, 6859
0.043678820759695, 0.0027656477438136825, N, 1.0, 80
0.043678820759695, 0.0027652452335904525, N, 1.0, 3891
0.043678820759695, 0.0027648428405122236, N, 1.0, 4722
0.043678820759695, 0.0027644405645278628, N, 1.0, 4781
0.043678820759695, 0.002764038405586267, N, 1.0, 10391
0.043678820759695, 0.0027636363636363635, N, 1.0, 11235
0.043678820759695, 0.002763234438627109, N, 1.0, 3338
0.043678820759695, 0.002762832630507489, N, 1.0, 8983
0.043678820759695, 0.0027624309392265192, N, 1.0, 2828
0.043678820759695, 0.0027620293647332463, N, 1.0, 8195
0.043678820759695, 0.002761627906976744, N, 1.0, 8326
0.043678820759695, 0.0027612265659061183, N, 1.0, 3355
0.043678820759695, 0.0027608253414705027, N, 1.0, 4952
0.043678820759695, 0.0027604242336190616, N, 1.0, 1817
0.043678820759695, 0.0027600232423009878, N, 1.0, 3644
0.043678820759695, 0.002759622367465505, N, 1.0, 9136
0.043678820759695, 0.002759221609061865, N, 1.0, 9651
0.043678820759695, 0.0027588209670393496, N, 1.0, 4605
0.043678820759695, 0.0027584204413472705, N, 1.0, 10088
0.043678820759695, 0.002758020031934969, N, 1.0, 10818
0.043678820759695, 0.0027576197387518143, N, 1.0, 6023
0.043678820759695, 0.0027572195617472065, N, 1.0, 11074
0.043678820759695, 0.0027568195008705744, N, 1.0, 4023
0.043678820759695, 0.002756419556071377, N, 1.0, 957
0.043678820759695, 0.0027560197272991005, N, 1.0, 7950
0.043678820759695, 0.002755620014503263, N, 1.0, 10543
0.043678820759695, 0.0027552204176334106, N, 1.0, 7846
0.043678820759695, 0.0027548209366391185, N, 1.0, 8216
0.043678820759695, 0.0027544215714699915, N, 1.0, 5614
0.043678820759695, 0.002754022322075663, N, 1.0, 5967
0.043678820759695, 0.0027536231884057972, N, 1.0, 11368
0.043678820759695, 0.0027532241704100856, N, 1.0, 8653
0.043678820759695, 0.00275282526803825, N, 1.0, 1127
0.043678820759695, 0.0027524264812400405, N, 1.0, 4489
0.043678820759695, 0.0027520278099652374, N, 1.0, 4687
0.043678820759695, 0.0027516292541636496, N, 1.0, 1738
0.043678820759695, 0.0027512308137851143, N, 1.0, 2028
0.043678820759695, 0.002750832488779499, N, 1.0, 9119
0.043678820759695, 0.0027504342790966993, N, 1.0, 10228
0.043678820759695, 0.0027500361846866405, N, 1.0, 1821
0.043678820759695, 0.0027496382054992764, N, 1.0, 5534
0.043678820759695, 0.0027492403414845898, N, 1.0, 5658
0.043678820759695, 0.0027488425925925927, N, 1.0, 11120
0.043678820759695, 0.0027484449587733255, N, 1.0, 8218
0.043678820759695, 0.0027480474399768588, N, 1.0, 3895
0.043678820759695, 0.00274765003615329, N, 1.0, 9373
0.043678820759695, 0.0027472527472527475, N, 1.0, 8719
0.043678820759695, 0.0027468555732253867, N, 1.0, 519
0.043678820759695, 0.0027464585140213934, N, 1.0, 1799
0.043678820759695, 0.0027460615695909813, N, 1.0, 5537
0.043678820759695, 0.002745664739884393, N, 1.0, 6868
0.043678820759695, 0.0027452680248519, N, 1.0, 146
0.043678820759695, 0.0027448714244438024, N, 1.0, 9486
0.043678820759695, 0.002744474938610429, N, 1.0, 1211
0.043678820759695, 0.0027440785673021376, N, 1.0, 5735
0.043678820759695, 0.002743682310469314, N, 1.0, 4695
0.043678820759695, 0.0027432861680623736, N, 1.0, 2143
0.043678820759695, 0.0027428901400317596, N, 1.0, 5753
0.043678820759695, 0.0027424942263279445, N, 1.0, 871
0.043678820759695, 0.002742098426901429, N, 1.0, 5129
0.043678820759695, 0.0027417027417027417, N, 1.0, 5185
0.043678820759695, 0.0027413071706824414, N, 1.0, 5361
0.043678820759695, 0.002740911713791114, N, 1.0, 11006
0.043678820759695, 0.002740516370979374, N, 1.0, 11403
0.043678820759695, 0.0027401211421978658, N, 1.0, 7061
0.043678820759695, 0.0027397260273972603, N, 1.0, 2336
0.043678820759695, 0.0027393310265282586, N, 1.0, 614
0.043678820759695, 0.0027389361395415888, N, 1.0, 4233
0.043678820759695, 0.002738541366388008, N, 1.0, 1160
0.043678820759695, 0.0027381467070183023, N, 1.0, 9658
0.043678820759695, 0.002737752161383285, N, 1.0, 10823
0.043678820759695, 0.002737357729433799, N, 1.0, 2929
0.043678820759695, 0.0027369634111207145, N, 1.0, 8765
0.043678820759695, 0.00273656920639493, N, 1.0, 903
0.043678820759695, 0.002736175115207373, N, 1.0, 2253
0.043678820759695, 0.0027357811375089995, N, 1.0, 5754
0.043678820759695, 0.002735387273250792, N, 1.0, 3734
0.043678820759695, 0.0027349935223837628, N, 1.0, 10603
0.043678820759695, 0.002734599884858952, N, 1.0, 10646
0.043678820759695, 0.0027342063606274284, N, 1.0, 1118
0.043678820759695, 0.002733812949640288, N, 1.0, 6599
0.043678820759695, 0.002733419651848655, N, 1.0, 6882
0.043678820759695, 0.0027330264672036824, N, 1.0, 45
0.043678820759695, 0.0027326333956565513, N, 1.0, 3770
0.043678820759695, 0.00273224043715847, N, 1.0, 1020
0.043678820759695, 0.0027318475916606757, N, 1.0, 3006
0.043678820759695, 0.0027314548591144336, N, 1.0, 3587
0.043678820759695, 0.0027310622394710366, N, 1.0, 820
0.043678820759695, 0.0027306697326818052, N, 1.0, 4163
0.043678820759695, 0.002730277338698089, N, 1.0, 4329
0.043678820759695, 0.0027298850574712643, N, 1.0, 9196
0.043678820759695, 0.0027294928889527365, N, 1.0, 9664
0.043678820759695, 0.0027291008330939384, N, 1.0, 2135
0.043678820759695, 0.0027287088898463306, N, 1.0, 9573
0.043678820759695, 0.0027283170591614015, N, 1.0, 545
0.04293949182356083, 0.0027279253409906675, N, 1.0, 10387
0.04293949182356083, 0.0027275337352856734, N, 1.0, 11009
0.04293949182356083, 0.0027271422419979903, N, 1.0, 11423
0.04293949182356083, 0.0027267508610792192, N, 1.0, 10288
0.04293949182356083, 0.0027263595924809873, N, 1.0, 1277
0.04293949182356083, 0.00272596843615495, N, 1.0, 5353
0.04293949182356083, 0.0027255773920527903, N, 1.0, 10521
0.04293949182356083, 0.0027251864601262193, N, 1.0, 4585
0.04293949182356083, 0.0027247956403269754, N, 1.0, 294
0.04293949182356083, 0.0027244049326068252, N, 1.0, 10871
0.04293949182356083, 0.0027240143369175627, N, 1.0, 4380
0.04293949182356083, 0.0027236238532110093, N, 1.0, 3013
0.04293949182356083, 0.002723233481439014, N, 1.0, 3910
0.04293949182356083, 0.0027228432215534535, N, 1.0, 1265
0.04293949182356083, 0.002722453073506233, N, 1.0, 5318
0.04293949182356083, 0.0027220630372492838, N, 1.0, 1116
0.04293949182356083, 0.002721673112734565, N, 1.0, 5524
0.04293949182356083, 0.0027212832999140646, N, 1.0, 4594
0.04293949182356083, 0.0027208935987397967, N, 1.0, 5079
0.04293949182356083, 0.002720504009163803, N, 1.0, 11270
0.04293949182356083, 0.002720114531138153, N, 1.0, 5324
0.04293949182356083, 0.002719725164614944, N, 1.0, 5938
0.04293949182356083, 0.0027193359095463, N, 1.0, 1903
0.04293949182356083, 0.002718946765884373, N, 1.0, 2426
0.04220016288742665, 0.0027185577335813423, N, 1.0, 7867
0.03886344708685973, 0.0027181688125894133, N, 1.0, 1261
0.03886344708685973, 0.002717780002860821, N, 1.0, 5234
0.03886344708685973, 0.002717391304347826, N, 1.0, 5071
0.03886344708685973, 0.002717002717002717, N, 1.0, 4801
0.03886344708685973, 0.0027166142407778096, N, 1.0, 8095
0.03886344708685973, 0.0027162258756254468, N, 1.0, 3348
0.03886344708685973, 0.002715837621497999, N, 1.0, 6711
0.03812411815072557, 0.0027154494783478635, N, 1.0, 10190
0.03812411815072557, 0.0027150614461274648, N, 1.0, 10497
0.03812411815072557, 0.002714673524789256, N, 1.0, 6332
0.03812411815072557, 0.0027142857142857142, N, 1.0, 6666
0.03812411815072557, 0.002713898014569347, N, 1.0, 3671
0.03812411815072557, 0.002713510425592688, N, 1.0, 4757
0.03812411815072557, 0.0027131229473082966, N, 1.0, 3246
0.03812411815072557, 0.002712735579668761, N, 1.0, 10444
0.03812411815072557, 0.002712348322626695, N, 1.0, 6874
0.03812411815072557, 0.0027119611761347415, N, 1.0, 3962
0.03812411815072557, 0.0027115741401455688, N, 1.0, 10305
0.03812411815072557, 0.002711187214611872, N, 1.0, 10621
0.03812411815072557, 0.0027108003994863747, N, 1.0, 913
0.03812411815072557, 0.002710413694721826, N, 1.0, 6318
0.03812411815072557, 0.0027100271002710027, N, 1.0, 878
0.03812411815072557, 0.0027096406160867087, N, 1.0, 2024
0.03812411815072557, 0.002709254242121774, N, 1.0, 11191
0.03812411815072557, 0.002708867978329056, N, 1.0, 3044
0.03812411815072557, 0.00270848182466144, N, 1.0, 973
0.03812411815072557, 0.002708095781071836, N, 1.0, 7909
0.03812411815072557, 0.0027077098475131824, N, 1.0, 550
0.03812411815072557, 0.002707324023938444, N, 1.0, 8812
0.03812411815072557, 0.0027069383103006128, N, 1.0, 2079
0.03812411815072557, 0.0027065527065527066, N, 1.0, 8502
0.03812411815072557, 0.002706167212647771, N, 1.0, 387
0.03812411815072557, 0.0027057818285388777, N, 1.0, 9371
0.03812411815072557, 0.002705396554179126, N, 1.0, 11367
0.03812411815072557, 0.00270501138952164, N, 1.0, 2923
0.03812411815072557, 0.002704626334519573, N, 1.0, 11095
0.03812411815072557, 0.002704241389126103, N, 1.0, 11427
0.03812411815072557, 0.0027038565532944356, N, 1.0, 2470
0.03812411815072557, 0.002703471826977803, N, 1.0, 9899
0.03812411815072557, 0.0027030872101294636, N, 1.0, 6094
0.03812411815072557, 0.002702702702702703, N, 1.0, 10355
0.03812411815072557, 0.002702318304650832, N, 1.0, 6785
0.03812411815072557, 0.00270193401592719, N, 1.0, 8138
0.03812411815072557, 0.0027015498364851413, N, 1.0, 2015
0.03812411815072557, 0.002701165766278078, N, 1.0, 5968
0.03812411815072557, 0.002700781805259417, N, 1.0, 8050
0.03812411815072557, 0.0027003979533826035, N, 1.0, 3716
0.03812411815072557, 0.0027000142106011083, N, 1.0, 10311
0.03812411815072557, 0.0026996305768684286, N, 1.0, 6251
0.03812411815072557, 0.002699247052138088, N, 1.0, 189
0.03812411815072557, 0.0026988636363636364, N, 1.0, 703
0.03812411815072557, 0.0026984803294986506, N, 1.0, 7783
0.03812411815072557, 0.002698097131496734, N, 1.0, 2228
0.03812411815072557, 0.002697714042311515, N, 1.0, 10930
0.03812411815072557, 0.0026973310618966496, N, 1.0, 6830
0.03812411815072557, 0.0026969481902058196, N, 1.0, 10154
0.03812411815072557, 0.0026965654271927336, N, 1.0, 10312
0.03812411815072557, 0.0026961827728111255, N, 1.0, 2089
0.03812411815072557, 0.002695800227014756, N, 1.0, 123
0.03812411815072557, 0.0026954177897574125, N, 1.0, 4269
0.03812411815072557, 0.0026950354609929076, N, 1.0, 1462
0.03812411815072557, 0.0026946532406750814, N, 1.0, 6771
0.03812411815072557, 0.0026942711287577994, N, 1.0, 3450
0.03812411815072557, 0.0026938891251949526, N, 1.0, 2734
0.03812411815072557, 0.0026935072299404594, N, 1.0, 3185
0.03812411815072557, 0.0026931254429482638, N, 1.0, 124
0.03812411815072557, 0.0026927437641723357, N, 1.0, 9011
0.03812411815072557, 0.0026923621935666716, N, 1.0, 7254
0.03812411815072557, 0.0026919807310852935, N, 1.0, 452
0.03812411815072557, 0.0026915993766822494, N, 1.0, 9083
0.03812411815072557, 0.002691218130311615, N, 1.0, 1788
0.03812411815072557, 0.002690836991927489, N, 1.0, 5449
0.03812411815072557, 0.0026904559614839988, N, 1.0, 5680
0.03812411815072557, 0.0026900750389352965, N, 1.0, 7016
0.03812411815072557, 0.0026896942242355605, N, 1.0, 4028
0.03812411815072557, 0.002689313517338995, N, 1.0, 11257
0.03812411815072557, 0.00268893291819983, N, 1.0, 6976
0.03812411815072557, 0.002688552426772322, N, 1.0, 7530
0.03812411815072557, 0.002688172043010753, N, 1.0, 2839
0.03812411815072557, 0.00268779176686943, N, 1.0, 8486
0.03812411815072557, 0.0026874115983026876, N, 1.0, 1769
0.03812411815072557, 0.002687031537264885, N, 1.0, 11008
0.03812411815072557, 0.0026866515837104072, N, 1.0, 11125
0.03812411815072557, 0.002686271737593666, N, 1.0, 7201
0.03812411815072557, 0.0026858919988690983, N, 1.0, 9786
0.03812411815072557, 0.002685512367491166, N, 1.0, 3350
0.03812411815072557, 0.0026851328434143585, N, 1.0, 10990
0.03812411815072557, 0.0026847534265931894, N, 1.0, 5
0.037384789214591395, 0.0026843741169821985, N, 1.0, 9254
0.037384789214591395, 0.0026839949145359516, N, 1.0, 985
0.037384789214591395, 0.0026836158192090395, N, 1.0, 5083
0.037384789214591395, 0.00268323683095608, N, 1.0, 5605
0.037384789214591395, 0.002682857949731714, N, 1.0, 11126
0.037384789214591395, 0.0026824791754906114, N, 1.0, 6814
0.037384789214591395, 0.0026821005081874645, N, 1.0, 7259
0.037384789214591395, 0.002681721947776994, N, 1.0, 3148
0.037384789214591395, 0.002681343494213943, N, 1.0, 304
0.037384789214591395, 0.002680965147453083, N, 1.0, 9548
0.037384789214591395, 0.00268058690744921, N, 1.0, 10145
0.037384789214591395, 0.002680208774157145, N, 1.0, 2022
0.037384789214591395, 0.0026798307475317347, N, 1.0, 10620
0.037384789214591395, 0.0026794528275278524, N, 1.0, 11330
0.037384789214591395, 0.002679075014100395, N, 1.0, 7632
0.037384789214591395, 0.0026786973072042857, N, 1.0, 688
0.037384789214591395, 0.0026783197067944743, N, 1.0, 9290
0.037384789214591395, 0.002677942212825934, N, 1.0, 9349
0.037384789214591395, 0.002677564825253664, N, 1.0, 4942
0.037384789214591395, 0.0026771875440326897, N, 1.0, 10167
0.037384789214591395, 0.0026768103691180616, N, 1.0, 10539
0.037384789214591395, 0.002676433300464854, N, 1.0, 3057
0.037384789214591395, 0.002676056338028169, N, 1.0, 9067
0.037384789214591395, 0.002675679481763132, N, 1.0, 989
0.037384789214591395, 0.0026753027316248944, N, 1.0, 7497
0.037384789214591395, 0.002674926087568633, N, 1.0, 8876
0.037384789214591395, 0.0026745495495495496, N, 1.0, 671
0.037384789214591395, 0.0026741731175228714, N, 1.0, 841
0.037384789214591395, 0.00267379679144385, N, 1.0, 2137
0.037384789214591395, 0.002673420571267764, N, 1.0, 3352
0.037384789214591395, 0.0026730444569499157, N, 1.0, 3573
0.037384789214591395, 0.002672668448445632, N, 1.0, 692
0.037384789214591395, 0.002672292545710267, N, 1.0, 9575
0.037384789214591395, 0.0026719167486991984, N, 1.0, 10428
0.037384789214591395, 0.002671541057367829, N, 1.0, 2095
0.037384789214591395, 0.0026711654716715873, N, 1.0, 6918
0.037384789214591395, 0.0026707899915659264, N, 1.0, 2491
0.037384789214591395, 0.002670414617006325, N, 1.0, 2601
0.037384789214591395, 0.0026700393479482856, N, 1.0, 8210
0.037384789214591395, 0.0026696641843473373, N, 1.0, 3370
0.037384789214591395, 0.0026692891261590333, N, 1.0, 78
0.037384789214591395, 0.0026689141733389522, N, 1.0, 9369
0.037384789214591395, 0.0026685393258426967, N, 1.0, 5313
0.037384789214591395, 0.0026681645836258952, N, 1.0, 10870
0.037384789214591395, 0.0026677899466442012, N, 1.0, 2404
0.037384789214591395, 0.002667415414853292, N, 1.0, 3216
0.037384789214591395, 0.0026670409882088714, N, 1.0, 8448
0.037384789214591395, 0.0026666666666666666, N, 1.0, 9204
0.037384789214591395, 0.0026662924501824306, N, 1.0, 892
0.037384789214591395, 0.0026659183387119406, N, 1.0, 4239
0.037384789214591395, 0.002665544332210999, N, 1.0, 1327
0.037384789214591395, 0.002665170430635433, N, 1.0, 11247
0.037384789214591395, 0.002664796633941094, N, 1.0, 6779
0.037384789214591395, 0.0026644229420838593, N, 1.0, 7022
0.037384789214591395, 0.00266404935501963, N, 1.0, 1183
0.037384789214591395, 0.002663675872704332, N, 1.0, 4762
0.037384789214591395, 0.0026633024950939166, N, 1.0, 7299
0.037384789214591395, 0.002662929222144359, N, 1.0, 2957
0.037384789214591395, 0.002662556053811659, N, 1.0, 1893
0.037384789214591395, 0.0026621829900518425, N, 1.0, 11073
0.037384789214591395, 0.0026618100308209583, N, 1.0, 6522
0.037384789214591395, 0.0026614371760750807, N, 1.0, 2510
0.037384789214591395, 0.002661064425770308, N, 1.0, 37
0.037384789214591395, 0.0026606917798627644, N, 1.0, 3760
0.037384789214591395, 0.002660319238308597, N, 1.0, 9095
0.037384789214591395, 0.002659946801063979, N, 1.0, 4483
0.037384789214591395, 0.0026595744680851063, N, 1.0, 1620
0.037384789214591395, 0.0026592022393282016, N, 1.0, 5156
0.037384789214591395, 0.0026588301147495103, N, 1.0, 6238
0.037384789214591395, 0.002658458094305303, N, 1.0, 11379
0.037384789214591395, 0.0026580861779518746, N, 1.0, 6489
0.037384789214591395, 0.002657714365645545, N, 1.0, 6900
0.037384789214591395, 0.0026573426573426573, N, 1.0, 2722
0.037384789214591395, 0.0026569710529995806, N, 1.0, 3829
0.037384789214591395, 0.002656599552572707, N, 1.0, 974
0.037384789214591395, 0.002656228156018454, N, 1.0, 5767
0.037384789214591395, 0.0026558568632932627, N, 1.0, 6068
0.037384789214591395, 0.002655485674353599, N, 1.0, 11213
0.037384789214591395, 0.002655114589155953, N, 1.0, 2432
0.037384789214591395, 0.0026547436076568395, N, 1.0, 2684
0.037384789214591395, 0.002654372729812797, N, 1.0, 2741
0.037384789214591395, 0.0026540019555803883, N, 1.0, 7844
0.037384789214591395, 0.002653631284916201, N, 1.0, 142
0.037384789214591395, 0.002653260717776847, N, 1.0, 4280
0.037384789214591395, 0.0026528902541189613, N, 1.0, 6469
0.037384789214591395, 0.002652519893899204, N, 1.0, 2347
0.037384789214591395, 0.00265214963707426, N, 1.0, 2558
0.037384789214591395, 0.0026517794836008373, N, 1.0, 103
0.037384789214591395, 0.0026514094334356684, N, 1.0, 677
0.037384789214591395, 0.00265103948653551, N, 1.0, 9208
0.037384789214591395, 0.002650669642857143, N, 1.0, 1171
0.037384789214591395, 0.002650299902357372, N, 1.0, 9669
0.037384789214591395, 0.0026499302649930266, N, 1.0, 10262
0.037384789214591395, 0.0026495607307209595, N, 1.0, 6724
0.037384789214591395, 0.002649191299498048, N, 1.0, 3000
0.037384789214591395, 0.0026488219712811935, N, 1.0, 8611
0.037384789214591395, 0.002648452746027321, N, 1.0, 4038
0.037384789214591395, 0.00264808362369338, N, 1.0, 9298
0.037384789214591395, 0.0026477146042363435, N, 1.0, 9453
0.037384789214591395, 0.0026473456876132087, N, 1.0, 1581
0.037384789214591395, 0.0026469768737809973, N, 1.0, 10324
0.037384789214591395, 0.0026466081626967545, N, 1.0, 10595
0.037384789214591395, 0.0026462395543175488, N, 1.0, 5656
0.037384789214591395, 0.0026458710486004736, N, 1.0, 10795
0.037384789214591395, 0.0026455026455026454, N, 1.0, 8032
0.037384789214591395, 0.0026451343449812054, N, 1.0, 8284
0.037384789214591395, 0.0026447661469933183, N, 1.0, 4230
0.037384789214591395, 0.0026443980514961724, N, 1.0, 4852
0.037384789214591395, 0.0026440300584469802, N, 1.0, 10195
0.037384789214591395, 0.0026436621678029774, N, 1.0, 1950
0.037384789214591395, 0.0026432943795214247, N, 1.0, 2174
0.037384789214591395, 0.002642926693559605, N, 1.0, 10874
0.037384789214591395, 0.0026425591098748263, N, 1.0, 6472
0.037384789214591395, 0.0026421916284244196, N, 1.0, 7932
0.037384789214591395, 0.0026418242491657398, N, 1.0, 2982
0.037384789214591395, 0.0026414569720561655, N, 1.0, 5982
0.037384789214591395, 0.0026410897970531, N, 1.0, 11098
0.037384789214591395, 0.002640722724113968, N, 1.0, 7352
0.037384789214591395, 0.0026403557531962203, N, 1.0, 7952
0.037384789214591395, 0.0026399888842573295, N, 1.0, 3730
0.037384789214591395, 0.002639622117254793, N, 1.0, 1093
0.037384789214591395, 0.0026392554521461314, N, 1.0, 9585
0.037384789214591395, 0.002638888888888889, N, 1.0, 4767
0.037384789214591395, 0.002638522427440633, N, 1.0, 10278
0.037384789214591395, 0.002638156067758956, N, 1.0, 1866
0.037384789214591395, 0.0026377898098014717, N, 1.0, 3252
0.037384789214591395, 0.002637423653525819, N, 1.0, 3378
0.037384789214591395, 0.00263705759888966, N, 1.0, 298
0.037384789214591395, 0.00263669164585068, N, 1.0, 8800
0.037384789214591395, 0.002636325794366588, N, 1.0, 9262
0.037384789214591395, 0.0026359600443951166, N, 1.0, 9609
0.037384789214591395, 0.0026355943958940213, N, 1.0, 4671
0.037384789214591395, 0.002635228848821082, N, 1.0, 4729
0.037384789214591395, 0.0026348634031341006, N, 1.0, 9985
0.037384789214591395, 0.002634498058790904, N, 1.0, 10759
0.037384789214591395, 0.0026341328157493413, N, 1.0, 11018
0.037384789214591395, 0.002633767673967286, N, 1.0, 6162
0.037384789214591395, 0.0026334026334026333, N, 1.0, 11182
0.037384789214591395, 0.002633037694013304, N, 1.0, 2621
0.037384789214591395, 0.0026326728557572398, N, 1.0, 961
0.037384789214591395, 0.002632308118592408, N, 1.0, 1225
0.037384789214591395, 0.0026319434824767975, N, 1.0, 10840
0.037384789214591395, 0.002631578947368421, N, 1.0, 5885
0.037384789214591395, 0.002631214513225315, N, 1.0, 11035
0.037384789214591395, 0.002630850180005539, N, 1.0, 11151
0.037384789214591395, 0.0026304859476671744, N, 1.0, 7229
0.037384789214591395, 0.002630121816168328, N, 1.0, 7890
0.037384789214591395, 0.002629757785467128, N, 1.0, 8013
0.037384789214591395, 0.002629393855521727, N, 1.0, 8202
0.037384789214591395, 0.0026290300262903003, N, 1.0, 8406
0.037384789214591395, 0.002628666297731046, N, 1.0, 540
0.037384789214591395, 0.002628302669802186, N, 1.0, 10177
0.037384789214591395, 0.0026279391424619642, N, 1.0, 1764
0.037384789214591395, 0.002627575715668649, N, 1.0, 663
0.037384789214591395, 0.002627212389380531, N, 1.0, 4468
0.037384789214591395, 0.002626849163555924, N, 1.0, 10659
0.037384789214591395, 0.0026264860381531654, N, 1.0, 10878
0.037384789214591395, 0.0026261230131306153, N, 1.0, 5970
0.037384789214591395, 0.002625760088446656, N, 1.0, 6477
0.037384789214591395, 0.002625397264059693, N, 1.0, 166
0.037384789214591395, 0.002625034539928157, N, 1.0, 4563
0.037384789214591395, 0.0026246719160104987, N, 1.0, 1337
0.037384789214591395, 0.0026243093922651934, N, 1.0, 4876
0.037384789214591395, 0.002623946968650739, N, 1.0, 11199
0.037384789214591395, 0.002623584645125656, N, 1.0, 11294
0.037384789214591395, 0.0026232224216484884, N, 1.0, 6494
0.037384789214591395, 0.002622860298177802, N, 1.0, 8271
0.037384789214591395, 0.002622498274672188, N, 1.0, 3783
0.037384789214591395, 0.002622136351090257, N, 1.0, 9175
0.037384789214591395, 0.0026217745273906445, N, 1.0, 4710
0.037384789214591395, 0.0026214128035320088, N, 1.0, 10439
0.037384789214591395, 0.0026210511794730307, N, 1.0, 10549
0.037384789214591395, 0.002620689655172414, N, 1.0, 10805
0.037384789214591395, 0.0026203282305888843, N, 1.0, 11170
0.037384789214591395, 0.0026199669056811915, N, 1.0, 11356
0.037384789214591395, 0.002619605680408107, N, 1.0, 254
0.037384789214591395, 0.0026192445547284257, N, 1.0, 4061
0.037384789214591395, 0.002618883528600965, N, 1.0, 1212
0.037384789214591395, 0.0026185226019845645, N, 1.0, 9991
0.037384789214591395, 0.0026181617748380873, N, 1.0, 10513
0.037384789214591395, 0.002617801047120419, N, 1.0, 10562
0.037384789214591395, 0.002617440418790467, N, 1.0, 5924
0.037384789214591395, 0.0026170798898071624, N, 1.0, 9234
0.037384789214591395, 0.002616719460129459, N, 1.0, 1130
0.037384789214591395, 0.0026163591297163314, N, 1.0, 5166
0.037384789214591395, 0.0026159988985267795, N, 1.0, 10478
0.037384789214591395, 0.0026156387665198237, N, 1.0, 5642
0.037384789214591395, 0.0026152787336545078, N, 1.0, 1997
0.037384789214591395, 0.002614918799889898, N, 1.0, 10917
0.037384789214591395, 0.0026145589651850832, N, 1.0, 6639
0.037384789214591395, 0.0026141992294991746, N, 1.0, 3600
0.037384789214591395, 0.0026138395927913054, N, 1.0, 4012
0.037384789214591395, 0.0026134800550206326, N, 1.0, 2517
0.037384789214591395, 0.002613120616146335, N, 1.0, 3227
0.037384789214591395, 0.002612761276127613, N, 1.0, 3402
0.037384789214591395, 0.0026124020349236905, N, 1.0, 277
0.037384789214591395, 0.0026120428924938134, N, 1.0, 9107
0.037384789214591395, 0.002611683848797251, N, 1.0, 9161
0.037384789214591395, 0.002611324903793293, N, 1.0, 966
0.037384789214591395, 0.0026109660574412533, N, 1.0, 5058
0.037384789214591395, 0.002610607309700467, N, 1.0, 5286
0.037384789214591395, 0.0026102486605302927, N, 1.0, 10537
0.037384789214591395, 0.0026098901098901097, N, 1.0, 2198
0.037384789214591395, 0.0026095316577393213, N, 1.0, 11104
0.037384789214591395, 0.0026091733040373524, N, 1.0, 544
0.037384789214591395, 0.0026088150487436497, N, 1.0, 5246
0.037384789214591395, 0.0026084568918176825, N, 1.0, 10551
0.037384789214591395, 0.002608098833218943, N, 1.0, 11172
0.037384789214591395, 0.002607740872906945, N, 1.0, 7721
0.037384789214591395, 0.002607383010841224, N, 1.0, 7788
0.037384789214591395, 0.0026070252469813393, N, 1.0, 30
0.037384789214591395, 0.0026066675812868706, N, 1.0, 10619
0.037384789214591395, 0.002606310013717421, N, 1.0, 5624
0.037384789214591395, 0.0026059525442326155, N, 1.0, 5813
0.037384789214591395, 0.002605595172792101, N, 1.0, 6035
0.037384789214591395, 0.0026052378993555465, N, 1.0, 7279
0.037384789214591395, 0.0026048807238826435, N, 1.0, 3722
0.037384789214591395, 0.0026045236463331047, N, 1.0, 9632
0.037384789214591395, 0.0026041666666666665, N, 1.0, 1859
0.037384789214591395, 0.0026038097848430863, N, 1.0, 5350
0.037384789214591395, 0.002603453000822143, N, 1.0, 2093
0.037384789214591395, 0.0026030963145636386, N, 1.0, 10848
0.037384789214591395, 0.0026027397260273972, N, 1.0, 2953
0.03664546027845722, 0.002602383235173264, N, 1.0, 1042
0.03664546027845722, 0.0026020268419611066, N, 1.0, 10864
0.03664546027845722, 0.002601670546350815, N, 1.0, 5909
0.03664546027845722, 0.0026013143483023, N, 1.0, 2339
0.03664546027845722, 0.0026009582477754963, N, 1.0, 7612
0.03664546027845722, 0.0026006022447303584, N, 1.0, 213
0.03664546027845722, 0.0026002463391268647, N, 1.0, 1061
0.03664546027845722, 0.0025998905309250137, N, 1.0, 7812
0.03664546027845722, 0.002599534820084827, N, 1.0, 8895
0.03664546027845722, 0.0025991792065663474, N, 1.0, 858
0.03664546027845722, 0.0025988236903296403, N, 1.0, 9683
0.03664546027845722, 0.002598468271334792, N, 1.0, 6502
0.03664546027845722, 0.0025981129495419118, N, 1.0, 8555
0.03664546027845722, 0.0025977577249111294, N, 1.0, 711
0.03664546027845722, 0.0025974025974025974, N, 1.0, 877
0.03664546027845722, 0.00259704756697649, N, 1.0, 5084
0.03664546027845722, 0.0025966926335930026, N, 1.0, 5848
0.03664546027845722, 0.002596337797212353, N, 1.0, 10920
0.03664546027845722, 0.0025959830577947807, N, 1.0, 3085
0.03664546027845722, 0.0025956284153005466, N, 1.0, 8517
0.03664546027845722, 0.002595273869689933, N, 1.0, 399
0.03664546027845722, 0.002594919420923245, N, 1.0, 4554
0.03664546027845722, 0.0025945650689608085, N, 1.0, 10146
0.03664546027845722, 0.002594210813762971, N, 1.0, 6776
0.03664546027845722, 0.0025938566552901024, N, 1.0, 2997
0.03664546027845722, 0.0025935025935025936, N, 1.0, 8068
0.03664546027845722, 0.0025931486283608573, N, 1.0, 231
0.03664546027845722, 0.0025927947598253275, N, 1.0, 323
0.03664546027845722, 0.002592440987856461, N, 1.0, 9447
0.03664546027845722, 0.002592087312414734, N, 1.0, 1694
0.03664546027845722, 0.0025917337334606465, N, 1.0, 7120
0.03664546027845722, 0.002591380250954719, N, 1.0, 8690
0.03664546027845722, 0.0025910268648574935, N, 1.0, 385
0.03664546027845722, 0.0025906735751295338, N, 1.0, 600
0.03664546027845722, 0.002590320381731425, N, 1.0, 9134
0.03664546027845722, 0.002589967284623773, N, 1.0, 4068
0.03664546027845722, 0.0025896142837672073, N, 1.0, 5253
0.03664546027845722, 0.0025892613791223765, N, 1.0, 2220
0.03664546027845722, 0.002588908570649952, N, 1.0, 6020
0.03664546027845722, 0.0025885558583106268, N, 1.0, 3809
0.03664546027845722, 0.002588203242065114, N, 1.0, 7349
0.03664546027845722, 0.0025878507218741486, N, 1.0, 7521
0.03664546027845722, 0.0025874982976984884, N, 1.0, 8194
0.03664546027845722, 0.0025871459694989107, N, 1.0, 9002
0.03664546027845722, 0.002586793737236215, N, 1.0, 1086
0.03664546027845722, 0.0025864416008712222, N, 1.0, 9686
0.03664546027845722, 0.0025860895603647747, N, 1.0, 1981
0.03664546027845722, 0.0025857376156777356, N, 1.0, 2203
0.03664546027845722, 0.002585385766770989, N, 1.0, 10683
0.03664546027845722, 0.0025850340136054422, N, 1.0, 10851
0.03664546027845722, 0.0025846823561420213, N, 1.0, 6269
0.03664546027845722, 0.002584330794341676, N, 1.0, 2602
0.03664546027845722, 0.002583979328165375, N, 1.0, 1155
0.03664546027845722, 0.002583627957574109, N, 1.0, 9913
0.03664546027845722, 0.0025832766825288917, N, 1.0, 2557
0.03664546027845722, 0.002582925502990756, N, 1.0, 2703
0.03664546027845722, 0.0025825744189207555, N, 1.0, 7928
0.03664546027845722, 0.0025822234302799673, N, 1.0, 3606
0.03664546027845722, 0.0025818725370294875, N, 1.0, 355
0.03664546027845722, 0.0025815217391304346, N, 1.0, 4022
0.03664546027845722, 0.0025811710365439477, N, 1.0, 847
0.03664546027845722, 0.002580820429231187, N, 1.0, 893
0.03664546027845722, 0.0025804699171533343, N, 1.0, 1491
0.03664546027845722, 0.0025801195002715916, N, 1.0, 7464
0.03664546027845722, 0.0025797691785471827, N, 1.0, 2522
0.03664546027845722, 0.002579418951941352, N, 1.0, 327
0.03664546027845722, 0.0025790688204153658, N, 1.0, 1032
0.03664546027845722, 0.00257871878393051, N, 1.0, 9958
0.03664546027845722, 0.002578368842448093, N, 1.0, 6382
0.03664546027845722, 0.0025780189959294436, N, 1.0, 7910
0.03664546027845722, 0.002577669244335911, N, 1.0, 9073
0.03664546027845722, 0.002577319587628866, N, 1.0, 11276
0.03664546027845722, 0.0025769700257697002, N, 1.0, 6408
0.03664546027845722, 0.0025766205587198264, N, 1.0, 269
0.03664546027845722, 0.0025762711864406778, N, 1.0, 8884
0.03664546027845722, 0.0025759219088937095, N, 1.0, 5157
0.03664546027845722, 0.0025755727260403957, N, 1.0, 2772
0.03664546027845722, 0.0025752236378422336, N, 1.0, 9005
0.03664546027845722, 0.00257487464426074, N, 1.0, 4157
0.03664546027845722, 0.002574525745257453, N, 1.0, 9523
0.03664546027845722, 0.0025741769407939302, N, 1.0, 1458
0.03664546027845722, 0.002573828230831753, N, 1.0, 2389
0.03664546027845722, 0.0025734796153325207, N, 1.0, 3375
0.03664546027845722, 0.0025731310942578548, N, 1.0, 8747
0.03664546027845722, 0.0025727826675693974, N, 1.0, 3696
0.03664546027845722, 0.0025724343352288115, N, 1.0, 1264
0.03664546027845722, 0.0025720860971977797, N, 1.0, 1660
0.03664546027845722, 0.0025717379534380075, N, 1.0, 2012
0.03664546027845722, 0.002571389903911219, N, 1.0, 10657
0.03664546027845722, 0.002571041948579161, N, 1.0, 5733
0.03664546027845722, 0.002570694087403599, N, 1.0, 7336
0.03664546027845722, 0.0025703463203463205, N, 1.0, 2659
0.03664546027845722, 0.002569998647369133, N, 1.0, 3970
0.03664546027845722, 0.0025696510684338654, N, 1.0, 4560
0.03664546027845722, 0.0025693035835023664, N, 1.0, 1281
0.03664546027845722, 0.002568956192536506, N, 1.0, 10533
0.03664546027845722, 0.0025686088954981747, N, 1.0, 866
0.03664546027845722, 0.0025682616923492834, N, 1.0, 2390
0.03664546027845722, 0.0025679145830517637, N, 1.0, 2647
0.03664546027845722, 0.0025675675675675674, N, 1.0, 2904
0.03664546027845722, 0.0025672206458586676, N, 1.0, 8638
0.03664546027845722, 0.0025668738178870575, N, 1.0, 8859
0.03664546027845722, 0.002566527083614751, N, 1.0, 449
0.03664546027845722, 0.0025661804430037816, N, 1.0, 944
0.03664546027845722, 0.0025658338960162052, N, 1.0, 4345
0.03664546027845722, 0.002565487442614097, N, 1.0, 10038
0.03664546027845722, 0.0025651410827595518, N, 1.0, 10340
0.03664546027845722, 0.0025647948164146867, N, 1.0, 10401
0.03664546027845722, 0.0025644486435416384, N, 1.0, 1952
0.03664546027845722, 0.002564102564102564, N, 1.0, 2063
0.03664546027845722, 0.002563756578059641, N, 1.0, 5618
0.03664546027845722, 0.0025634106853750674, N, 1.0, 10707
0.03664546027845722, 0.0025630648860110617, N, 1.0, 5672
0.03664546027845722, 0.0025627191799298624, N, 1.0, 11279
0.03664546027845722, 0.002562373567093729, N, 1.0, 7394
0.03664546027845722, 0.002562028047464941, N, 1.0, 2871
0.03664546027845722, 0.0025616826210057976, N, 1.0, 7933
0.03664546027845722, 0.0025613372876786195, N, 1.0, 165
0.03664546027845722, 0.002560992047445747, N, 1.0, 896
0.03664546027845722, 0.002560646900269542, N, 1.0, 9802
0.03664546027845722, 0.002560301846112384, N, 1.0, 10213
0.03664546027845722, 0.0025599568849366747, N, 1.0, 11197
0.03664546027845722, 0.0025596120167048365, N, 1.0, 8839
0.03664546027845722, 0.0025592672413793103, N, 1.0, 433
0.03664546027845722, 0.0025589225589225588, N, 1.0, 3834
0.03664546027845722, 0.0025585779692970643, N, 1.0, 758
0.03664546027845722, 0.002558233472465329, N, 1.0, 1408
0.03664546027845722, 0.002557889068389876, N, 1.0, 10021
0.03664546027845722, 0.0025575447570332483, N, 1.0, 10229
0.03664546027845722, 0.0025572005383580083, N, 1.0, 5128
0.03664546027845722, 0.0025568564123267393, N, 1.0, 10803
0.03664546027845722, 0.002556512378902045, N, 1.0, 10960
0.03664546027845722, 0.0025561684380465493, N, 1.0, 6390
0.03664546027845722, 0.0025558245897228946, N, 1.0, 7916
0.03664546027845722, 0.002555480833893746, N, 1.0, 8567
0.03664546027845722, 0.002555137170521786, N, 1.0, 3850
0.03664546027845722, 0.002554793599569719, N, 1.0, 4128
0.03664546027845722, 0.002554450121000269, N, 1.0, 10251
0.03664546027845722, 0.0025541067347761796, N, 1.0, 11325
0.03664546027845722, 0.002553763440860215, N, 1.0, 7676
0.03664546027845722, 0.0025534202392151592, N, 1.0, 2810
0.03664546027845722, 0.002553077129803816, N, 1.0, 3100
0.03664546027845722, 0.00255273411258901, N, 1.0, 1076
0.03664546027845722, 0.002552391187533584, N, 1.0, 9627
0.03664546027845722, 0.0025520483546004028, N, 1.0, 4931
0.03664546027845722, 0.00255170561375235, N, 1.0, 5469
0.03664546027845722, 0.00255136296495233, N, 1.0, 6551
0.03664546027845722, 0.002551020408163265, N, 1.0, 8412
0.03664546027845722, 0.0025506779433481005, N, 1.0, 9010
0.03664546027845722, 0.0025503355704697985, N, 1.0, 759
0.03664546027845722, 0.0025499932894913436, N, 1.0, 4653
0.03664546027845722, 0.002549651100375738, N, 1.0, 10120
0.03664546027845722, 0.0025493090030860054, N, 1.0, 8865
0.03664546027845722, 0.002548966997585189, N, 1.0, 9142
0.03664546027845722, 0.0025486250838363516, N, 1.0, 1715
0.03664546027845722, 0.002548283261802575, N, 1.0, 10453
0.03664546027845722, 0.0025479415314469626, N, 1.0, 10711
0.03664546027845722, 0.0025475998927326363, N, 1.0, 10879
0.03664546027845722, 0.0025472583456227376, N, 1.0, 8248
0.03664546027845722, 0.002546916890080429, N, 1.0, 367
0.03664546027845722, 0.0025465755260688917, N, 1.0, 9394
0.03664546027845722, 0.0025462342535513267, N, 1.0, 9877
0.03664546027845722, 0.0025458930724909555, N, 1.0, 10420
0.03664546027845722, 0.002545551982851018, N, 1.0, 7645
0.03664546027845722, 0.0025452109845947755, N, 1.0, 7829
0.03664546027845722, 0.0025448700776855076, N, 1.0, 7956
0.03664546027845722, 0.002544529262086514, N, 1.0, 8485
0.03664546027845722, 0.002544188537761114, N, 1.0, 8909
0.03664546027845722, 0.002543847904672647, N, 1.0, 9459
0.03664546027845722, 0.0025435073627844713, N, 1.0, 9840
0.03664546027845722, 0.0025431669120599652, N, 1.0, 10550
0.03664546027845722, 0.002542826552462527, N, 1.0, 11314
0.03664546027845722, 0.0025424862839555735, N, 1.0, 9030
0.03664546027845722, 0.002542146106502542, N, 1.0, 615
0.03664546027845722, 0.0025418060200668897, N, 1.0, 9324
0.03664546027845722, 0.002541466024612092, N, 1.0, 4182
0.03664546027845722, 0.002541126120101645, N, 1.0, 9431
0.03664546027845722, 0.0025407863064990637, N, 1.0, 10344
0.03664546027845722, 0.0025404465837678834, N, 1.0, 10458
0.03664546027845722, 0.0025401069518716578, N, 1.0, 5567
0.03664546027845722, 0.0025397674107739605, N, 1.0, 10935
0.03664546027845722, 0.0025394279604383854, N, 1.0, 8766
0.03664546027845722, 0.0025390886008285446, N, 1.0, 748
0.03664546027845722, 0.0025387493319080703, N, 1.0, 10951
0.03664546027845722, 0.0025384101536406146, N, 1.0, 11342
0.03664546027845722, 0.0025380710659898475, N, 1.0, 8021
0.03664546027845722, 0.0025377320689194604, N, 1.0, 3467
0.03664546027845722, 0.0025373931623931625, N, 1.0, 10331
0.03664546027845722, 0.002537054346374683, N, 1.0, 10386
0.03664546027845722, 0.0025367156208277704, N, 1.0, 1323
0.03664546027845722, 0.0025363769857161926, N, 1.0, 10202
0.03664546027845722, 0.0025360384410037374, N, 1.0, 2766
0.03664546027845722, 0.002535699986654211, N, 1.0, 2819
0.03664546027845722, 0.0025353616226314385, N, 1.0, 2932
0.03664546027845722, 0.002535023348899266, N, 1.0, 3040
0.03664546027845722, 0.002534685165421558, N, 1.0, 8993
0.03664546027845722, 0.0025343470721621983, N, 1.0, 910
0.03664546027845722, 0.0025340090690850895, N, 1.0, 5012
0.03664546027845722, 0.0025336711561541538, N, 1.0, 10162
0.03664546027845722, 0.002533333333333333, N, 1.0, 1977
0.03664546027845722, 0.0025329956005865884, N, 1.0, 2148
0.03664546027845722, 0.002532657957877899, N, 1.0, 11298
0.03664546027845722, 0.002532320405171265, N, 1.0, 8084
0.03664546027845722, 0.0025319829424307037, N, 1.0, 8913
0.03590613134232305, 0.002531645569620253, N, 1.0, 10333
0.03590613134232305, 0.0025313082867039704, N, 1.0, 2699
0.03590613134232305, 0.0025309710936459303, N, 1.0, 95
0.03590613134232305, 0.002530633990410229, N, 1.0, 2416
0.03590613134232305, 0.00253029697696098, N, 1.0, 2578
0.03590613134232305, 0.002529960053262317, N, 1.0, 8278
0.03590613134232305, 0.002529623219278392, N, 1.0, 4047
0.03590613134232305, 0.002529286474973376, N, 1.0, 1533
0.03590613134232305, 0.00252894982031146, N, 1.0, 1062
0.03590613134232305, 0.0025286132552568537, N, 1.0, 9929
0.03590613134232305, 0.0025282767797737858, N, 1.0, 10715
0.03590613134232305, 0.0025279403938265033, N, 1.0, 809
0.03590613134232305, 0.0025276040973792736, N, 1.0, 1106
0.03590613134232305, 0.002527267890396382, N, 1.0, 5275
0.03590613134232305, 0.0025269317728421332, N, 1.0, 8946
0.03590613134232305, 0.0025265957446808512, N, 1.0, 531
0.03590613134232305, 0.002526259805876878, N, 1.0, 3986
0.03590613134232305, 0.0025259239563945757, N, 1.0, 2154
0.03590613134232305, 0.002525588196198325, N, 1.0, 5027
0.03590613134232305, 0.0025252525252525255, N, 1.0, 798
0.03590613134232305, 0.0025249169435215945, N, 1.0, 4265
0.03590613134232305, 0.0025245814509699707, N, 1.0, 4399
0.03590613134232305, 0.0025242460475621096, N, 1.0, 10246
0.03590613134232305, 0.0025239107332624866, N, 1.0, 5137
0.03590613134232305, 0.0025235755080355955, N, 1.0, 5497
0.03590613134232305, 0.0025232403718459494, N, 1.0, 7391
0.03590613134232305, 0.00252290532465808, N, 1.0, 1404
0.03590613134232305, 0.0025225703664365374, N, 1.0, 940
0.03590613134232305, 0.0025222354971458916, N, 1.0, 10263
0.03590613134232305, 0.00252190071675073, N, 1.0, 10415
0.03590613134232305, 0.00252156602521566, N, 1.0, 6114
0.03590613134232305, 0.0025212314225053077, N, 1.0, 3002
0.03590613134232305, 0.0025208969085843175, N, 1.0, 1142
0.03590613134232305, 0.0025205624834173522, N, 1.0, 10511
0.03590613134232305, 0.0025202281469690942, N, 1.0, 11369
0.03590613134232305, 0.002519893899204244, N, 1.0, 7409
0.03590613134232305, 0.0025195597400875214, N, 1.0, 8698
0.03590613134232305, 0.002519225669583665, N, 1.0, 3563
0.03590613134232305, 0.0025188916876574307, N, 1.0, 1686
0.03590613134232305, 0.002518557794273595, N, 1.0, 2946
0.03590613134232305, 0.0025182239893969515, N, 1.0, 484
0.03590613134232305, 0.0025178902729923137, N, 1.0, 10961
0.03590613134232305, 0.002517556645024513, N, 1.0, 8436
0.03590613134232305, 0.0025172231054583997, N, 1.0, 224
0.03590613134232305, 0.0025168896542588424, N, 1.0, 10005
0.03590613134232305, 0.0025165562913907285, N, 1.0, 1746
0.03590613134232305, 0.0025162230168189643, N, 1.0, 1974
0.03590613134232305, 0.0025158898305084744, N, 1.0, 3466
0.03590613134232305, 0.0025155567324242024, N, 1.0, 10142
0.03590613134232305, 0.002515223722531109, N, 1.0, 2712
0.03590613134232305, 0.002514890800794176, N, 1.0, 2598
0.03590613134232305, 0.0025145579671784013, N, 1.0, 5604
0.03590613134232305, 0.0025142252216488023, N, 1.0, 8701
0.03590613134232305, 0.0025138925641704155, N, 1.0, 9860
0.03590613134232305, 0.0025135599947082947, N, 1.0, 807
0.03516680240618888, 0.0025132275132275133, N, 1.0, 9162
0.03516680240618888, 0.0025128951196931623, N, 1.0, 9477
0.03516680240618888, 0.002512562814070352, N, 1.0, 5298
0.03516680240618888, 0.00251223059632421, N, 1.0, 6273
0.03516680240618888, 0.002511898466419884, N, 1.0, 6123
0.03516680240618888, 0.002511566424322538, N, 1.0, 5815
0.03109075766948779, 0.0025112344699973568, N, 1.0, 7790
0.03109075766948779, 0.0025109026034095413, N, 1.0, 4258
0.03109075766948779, 0.0025105708245243127, N, 1.0, 3857
0.03109075766948779, 0.00251023913330691, N, 1.0, 1451
0.03109075766948779, 0.002509907529722589, N, 1.0, 9016
0.03109075766948779, 0.0025095760137366268, N, 1.0, 5979
0.03109075766948779, 0.002509244585314316, N, 1.0, 10171
0.03109075766948779, 0.0025089132444209693, N, 1.0, 5593
0.03109075766948779, 0.002508581991021917, N, 1.0, 7121
0.03109075766948779, 0.0025082508250825085, N, 1.0, 10034
0.03109075766948779, 0.00250791974656811, N, 1.0, 9734
0.03109075766948779, 0.0025075887554441073, N, 1.0, 3272
0.03109075766948779, 0.002507257851675904, N, 1.0, 10227
0.03109075766948779, 0.002506927035228922, N, 1.0, 782
0.03109075766948779, 0.0025065963060686017, N, 1.0, 2634
0.03109075766948779, 0.002506265664160401, N, 1.0, 10376
0.03109075766948779, 0.002505935109469797, N, 1.0, 2962
0.03109075766948779, 0.002505604641962284, N, 1.0, 3198
0.03109075766948779, 0.0025052742616033757, N, 1.0, 2853
0.03109075766948779, 0.0025049439683586024, N, 1.0, 1270
0.03109075766948779, 0.002504613762193514, N, 1.0, 11328
0.03035142873335362, 0.0025042836430736785, N, 1.0, 1651
0.03035142873335362, 0.002503953610964681, N, 1.0, 11317
0.03035142873335362, 0.0025036236658321255, N, 1.0, 7856
0.03035142873335362, 0.002503293807641634, N, 1.0, 503
0.03035142873335362, 0.002502964036358846, N, 1.0, 952
0.03035142873335362, 0.0025026343519494202, N, 1.0, 9787
0.03035142873335362, 0.0025023047543790335, N, 1.0, 9997
0.03035142873335362, 0.002501975243613379, N, 1.0, 10463
0.03035142873335362, 0.00250164581961817, N, 1.0, 2242
0.03035142873335362, 0.0025013164823591365, N, 1.0, 3453
0.03035142873335362, 0.0025009872318020273, N, 1.0, 476
0.03035142873335362, 0.0025006580679126085, N, 1.0, 8994
0.03035142873335362, 0.0025003289906566652, N, 1.0, 911
0.03035142873335362, 0.0025, N, 1.0, 5708
0.03035142873335362, 0.0024996710959084333, N, 1.0, 9313
0.03035142873335362, 0.002499342278347803, N, 1.0, 1416
0.03035142873335362, 0.002499013547283967, N, 1.0, 11409
0.03035142873335362, 0.0024986849026827984, N, 1.0, 7260
0.03035142873335362, 0.0024983563445101905, N, 1.0, 8171
0.03035142873335362, 0.0024980278727320536, N, 1.0, 9225
0.03035142873335362, 0.0024976994873143156, N, 1.0, 1168
0.03035142873335362, 0.0024973711882229233, N, 1.0, 11376
0.03035142873335362, 0.0024970429754238403, N, 1.0, 7813
0.03035142873335362, 0.0024967148488830486, N, 1.0, 8472
0.03035142873335362, 0.0024963868085665485, N, 1.0, 8896
0.03035142873335362, 0.0024960588544403572, N, 1.0, 3826
0.03035142873335362, 0.002495730986470511, N, 1.0, 8998
0.03035142873335362, 0.0024954032046230626, N, 1.0, 859
0.03035142873335362, 0.002495075508864084, N, 1.0, 9398
0.03035142873335362, 0.0024947478991596637, N, 1.0, 10321
0.03035142873335362, 0.0024944203754759093, N, 1.0, 11112
0.03035142873335362, 0.0024940929377789446, N, 1.0, 6798
0.03035142873335362, 0.0024937655860349127, N, 1.0, 2844
0.03035142873335362, 0.0024934383202099737, N, 1.0, 3128
0.03035142873335362, 0.002493111140270306, N, 1.0, 826
0.03035142873335362, 0.0024927840461821046, N, 1.0, 10752
0.03035142873335362, 0.002492457037911583, N, 1.0, 2702
0.03035142873335362, 0.002492130115424974, N, 1.0, 3495
0.03035142873335362, 0.0024918032786885244, N, 1.0, 10257
0.03035142873335362, 0.0024914765276685025, N, 1.0, 1793
0.03035142873335362, 0.002491149862331192, N, 1.0, 2190
0.03035142873335362, 0.0024908232826428944, N, 1.0, 10982
0.03035142873335362, 0.0024904967885699307, N, 1.0, 11377
0.03035142873335362, 0.002490170380078637, N, 1.0, 2826
0.03035142873335362, 0.002489844057135369, N, 1.0, 3286
0.03035142873335362, 0.002489517819706499, N, 1.0, 8605
0.03035142873335362, 0.0024891916677584175, N, 1.0, 3774
0.03035142873335362, 0.0024888656012575323, N, 1.0, 4263
0.03035142873335362, 0.0024885396201702686, N, 1.0, 5065
0.03035142873335362, 0.00248821372446307, N, 1.0, 5710
0.03035142873335362, 0.002487887914102396, N, 1.0, 5762
0.03035142873335362, 0.0024875621890547263, N, 1.0, 6067
0.03035142873335362, 0.002487236549286556, N, 1.0, 6136
0.03035142873335362, 0.0024869109947643978, N, 1.0, 2846
0.03035142873335362, 0.0024865855254547833, N, 1.0, 3371
0.03035142873335362, 0.0024862601413242606, N, 1.0, 386
0.03035142873335362, 0.0024859348423393957, N, 1.0, 3793
0.03035142873335362, 0.0024856096284667714, N, 1.0, 655
0.03035142873335362, 0.0024852844996729887, N, 1.0, 9182
0.03035142873335362, 0.0024849594559246666, N, 1.0, 1592
0.03035142873335362, 0.00248463449718844, N, 1.0, 8581
0.03035142873335362, 0.0024843096234309623, N, 1.0, 8882
0.03035142873335362, 0.002483984834618904, N, 1.0, 10052
0.03035142873335362, 0.0024836601307189543, N, 1.0, 5463
0.03035142873335362, 0.002483335511697817, N, 1.0, 10943
0.03035142873335362, 0.0024830109775222163, N, 1.0, 11193
0.03035142873335362, 0.002482686528158892, N, 1.0, 6610
0.03035142873335362, 0.0024823621635746015, N, 1.0, 7406
0.03035142873335362, 0.00248203788373612, N, 1.0, 283
0.03035142873335362, 0.0024817136886102404, N, 1.0, 3728
0.03035142873335362, 0.0024813895781637717, N, 1.0, 3987
0.03035142873335362, 0.0024810655523635414, N, 1.0, 9894
0.03035142873335362, 0.0024807416111763936, N, 1.0, 4884
0.03035142873335362, 0.0024804177545691905, N, 1.0, 10372
0.03035142873335362, 0.002480093982508811, N, 1.0, 10594
0.03035142873335362, 0.0024797702949621507, N, 1.0, 5838
0.03035142873335362, 0.0024794466918961243, N, 1.0, 11114
0.03035142873335362, 0.002479123173277662, N, 1.0, 11165
0.03035142873335362, 0.002478799739073712, N, 1.0, 2959
0.03035142873335362, 0.002478476389251239, N, 1.0, 3373
0.03035142873335362, 0.002478153123777227, N, 1.0, 9184
0.03035142873335362, 0.002477829942618675, N, 1.0, 939
0.03035142873335362, 0.0024775068457426, N, 1.0, 9478
0.03035142873335362, 0.0024771838331160367, N, 1.0, 1472
0.03035142873335362, 0.0024768609047060358, N, 1.0, 3091
0.03035142873335362, 0.0024765380604796663, N, 1.0, 8714
0.03035142873335362, 0.002476215300404014, N, 1.0, 3661
0.03035142873335362, 0.0024758926244461818, N, 1.0, 3713
0.03035142873335362, 0.00247557003257329, N, 1.0, 9280
0.03035142873335362, 0.0024752475247524753, N, 1.0, 5883
0.03035142873335362, 0.0024749251009508924, N, 1.0, 6613
0.03035142873335362, 0.0024746027611357124, N, 1.0, 3180
0.03035142873335362, 0.0024742805052741243, N, 1.0, 8948
0.03035142873335362, 0.0024739583333333332, N, 1.0, 9242
0.03035142873335362, 0.0024736362452805623, N, 1.0, 2544
0.03035142873335362, 0.0024733142410830514, N, 1.0, 8432
0.03035142873335362, 0.0024729923207080567, N, 1.0, 144
0.03035142873335362, 0.0024726704841228526, N, 1.0, 344
0.03035142873335362, 0.00247234873129473, N, 1.0, 9537
0.03035142873335362, 0.0024720270621909966, N, 1.0, 10559
0.03035142873335362, 0.0024717054767789777, N, 1.0, 2129
0.03035142873335362, 0.0024713839750260145, N, 1.0, 6827
0.03035142873335362, 0.0024710625568994666, N, 1.0, 7210
0.03035142873335362, 0.00247074122236671, N, 1.0, 8523
0.03035142873335362, 0.0024704199713951372, N, 1.0, 4302
0.03035142873335362, 0.002470098803952158, N, 1.0, 9625
0.03035142873335362, 0.0024697777200051994, N, 1.0, 6050
0.03035142873335362, 0.0024694567195217053, N, 1.0, 7225
0.03035142873335362, 0.0024691358024691358, N, 1.0, 4439
0.03035142873335362, 0.002468814968814969, N, 1.0, 1762
0.03035142873335362, 0.002468494218526699, N, 1.0, 3135
0.03035142873335362, 0.002468173551571837, N, 1.0, 3749
0.03035142873335362, 0.0024678529679179116, N, 1.0, 9425
0.03035142873335362, 0.0024675324675324677, N, 1.0, 10134
0.03035142873335362, 0.002467212050383067, N, 1.0, 5201
0.03035142873335362, 0.002466891716437289, N, 1.0, 11077
0.03035142873335362, 0.0024665714656627287, N, 1.0, 6298
0.03035142873335362, 0.002466251298026999, N, 1.0, 1016
0.03035142873335362, 0.002465931213497729, N, 1.0, 5111
0.03035142873335362, 0.0024656112120425644, N, 1.0, 4108
0.03035142873335362, 0.0024652912936291684, N, 1.0, 1516
0.03035142873335362, 0.0024649714582252206, N, 1.0, 10279
0.03035142873335362, 0.0024646517057984175, N, 1.0, 2159
0.03035142873335362, 0.002464332036316472, N, 1.0, 5843
0.03035142873335362, 0.0024640124497471143, N, 1.0, 11308
0.03035142873335362, 0.002463692946058091, N, 1.0, 7658
0.03035142873335362, 0.002463373525217166, N, 1.0, 557
0.03035142873335362, 0.0024630541871921183, N, 1.0, 10402
0.03035142873335362, 0.002462734931950745, N, 1.0, 5620
0.03035142873335362, 0.0024624157594608604, N, 1.0, 8461
0.03035142873335362, 0.002462096669690294, N, 1.0, 8818
0.03035142873335362, 0.002461777662606893, N, 1.0, 8990
0.03035142873335362, 0.0024614587381785206, N, 1.0, 630
0.03035142873335362, 0.002461139896373057, N, 1.0, 10896
0.03035142873335362, 0.002460821137158399, N, 1.0, 7765
0.03035142873335362, 0.0024605024605024606, N, 1.0, 2
0.03035142873335362, 0.002460183866373171, N, 1.0, 592
0.03035142873335362, 0.0024598653547384776, N, 1.0, 3992
0.03035142873335362, 0.002459546925566343, N, 1.0, 10280
0.03035142873335362, 0.0024592285788247476, N, 1.0, 1872
0.03035142873335362, 0.0024589103144816876, N, 1.0, 10743
0.03035142873335362, 0.002458592132505176, N, 1.0, 6691
0.03035142873335362, 0.0024582740328632424, N, 1.0, 7313
0.03035142873335362, 0.0024579560155239327, N, 1.0, 2500
0.03035142873335362, 0.00245763808045531, N, 1.0, 2692
0.03035142873335362, 0.0024573202276254526, N, 1.0, 4074
0.03035142873335362, 0.002457002457002457, N, 1.0, 1545
0.03035142873335362, 0.002456684768554435, N, 1.0, 11083
0.03035142873335362, 0.002456367162249515, N, 1.0, 2462
0.03035142873335362, 0.0024560496380558426, N, 1.0, 2988
0.03035142873335362, 0.0024557321959415793, N, 1.0, 8462
0.03035142873335362, 0.002455414835874903, N, 1.0, 576
0.03035142873335362, 0.002455097557824008, N, 1.0, 9105
0.03035142873335362, 0.0024547803617571058, N, 1.0, 9284
0.03035142873335362, 0.0024544632476424235, N, 1.0, 4195
0.03035142873335362, 0.0024541462154482048, N, 1.0, 1287
0.03035142873335362, 0.0024538292651427097, N, 1.0, 2323
0.03035142873335362, 0.002453512396694215, N, 1.0, 4328
0.03035142873335362, 0.0024531956100710137, N, 1.0, 6692
0.03035142873335362, 0.0024528789052414147, N, 1.0, 7314
0.03035142873335362, 0.0024525622821737446, N, 1.0, 2795
0.03035142873335362, 0.002452245740836345, N, 1.0, 3074
0.03035142873335362, 0.0024519292811975737, N, 1.0, 8362
0.03035142873335362, 0.0024516129032258064, N, 1.0, 8868
0.03035142873335362, 0.0024512966068894336, N, 1.0, 3802
0.03035142873335362, 0.0024509803921568627, N, 1.0, 949
0.03035142873335362, 0.0024506642589965173, N, 1.0, 9725
0.03035142873335362, 0.0024503482073768377, N, 1.0, 11186
0.03035142873335362, 0.00245003223726628, N, 1.0, 6530
0.03035142873335362, 0.002449716348633316, N, 1.0, 2354
0.03035142873335362, 0.0024494005414464354, N, 1.0, 2815
0.03035142873335362, 0.0024490848156741426, N, 1.0, 8820
0.03035142873335362, 0.0024487691712849593, N, 1.0, 9216
0.03035142873335362, 0.0024484536082474227, N, 1.0, 125
0.03035142873335362, 0.002448138126530086, N, 1.0, 774
0.03035142873335362, 0.00244782272610152, N, 1.0, 874
0.03035142873335362, 0.0024475074069303104, N, 1.0, 1587
0.03035142873335362, 0.0024471921689850594, N, 1.0, 10648
0.03035142873335362, 0.002446877012234385, N, 1.0, 10808
0.03035142873335362, 0.0024465619366469227, N, 1.0, 6997
0.03035142873335362, 0.0024462469421913224, N, 1.0, 5208
0.03035142873335362, 0.002445932028836251, N, 1.0, 10936
0.03035142873335362, 0.0024456171965503925, N, 1.0, 9682
0.03035142873335362, 0.0024453024453024454, N, 1.0, 1397
0.03035142873335362, 0.0024449877750611247, N, 1.0, 10010
0.03035142873335362, 0.0024446731857951623, N, 1.0, 5474
0.03035142873335362, 0.002444358677473305, N, 1.0, 11041
0.03035142873335362, 0.002444044250064317, N, 1.0, 8206
0.03035142873335362, 0.0024437299035369774, N, 1.0, 9132
0.029612099797219446, 0.0024434156378600825, N, 1.0, 9308
0.029612099797219446, 0.002443101453002443, N, 1.0, 4775
0.029612099797219446, 0.0024427873489328874, N, 1.0, 2165
0.029612099797219446, 0.0024424733256202596, N, 1.0, 6582
0.029612099797219446, 0.002442159383033419, N, 1.0, 7318
0.029612099797219446, 0.0024418455211412415, N, 1.0, 2551
0.029612099797219446, 0.002441531739912619, N, 1.0, 2653
0.029612099797219446, 0.002441218039316459, N, 1.0, 3208
0.029612099797219446, 0.0024409044193216857, N, 1.0, 8446
0.029612099797219446, 0.0024405908798972383, N, 1.0, 8644
0.029612099797219446, 0.002440277421012073, N, 1.0, 8809
0.029612099797219446, 0.0024399640426351612, N, 1.0, 9086
0.029612099797219446, 0.0024396507447354905, N, 1.0, 669
0.029612099797219446, 0.0024393375272820646, N, 1.0, 4133
0.029612099797219446, 0.0024390243902439024, N, 1.0, 890
0.029612099797219446, 0.00243871133359004, N, 1.0, 9617
0.029612099797219446, 0.002438398357289528, N, 1.0, 4553
0.029612099797219446, 0.0024380854613114335, N, 1.0, 4914
0.029612099797219446, 0.0024377726456248396, N, 1.0, 5870
0.029612099797219446, 0.0024374599101988454, N, 1.0, 10979
0.029612099797219446, 0.0024371472550025653, N, 1.0, 7519
0.029612099797219446, 0.00243683468000513, N, 1.0, 7944
0.029612099797219446, 0.002436522185175686, N, 1.0, 2933
0.029612099797219446, 0.0024362097704833953, N, 1.0, 526
0.029612099797219446, 0.002435897435897436, N, 1.0, 1134
0.029612099797219446, 0.002435585181387002, N, 1.0, 10953
0.029612099797219446, 0.002435273006921302, N, 1.0, 2891
0.029612099797219446, 0.002434960912469563, N, 1.0, 3008
0.029612099797219446, 0.0024346488980010253, N, 1.0, 3470
0.029612099797219446, 0.0024343369634849455, N, 1.0, 9599
0.029612099797219446, 0.002434025108890597, N, 1.0, 1771
0.029612099797219446, 0.002433713334187268, N, 1.0, 10650
0.029612099797219446, 0.0024334016393442624, N, 1.0, 10751
0.029612099797219446, 0.0024330900243309003, N, 1.0, 5910
0.029612099797219446, 0.0024327784891165173, N, 1.0, 6583
0.029612099797219446, 0.0024324670336704646, N, 1.0, 7065
0.029612099797219446, 0.00243215565796211, N, 1.0, 7665
0.029612099797219446, 0.0024318443619608344, N, 1.0, 8236
0.029612099797219446, 0.002431533145636038, N, 1.0, 3389
0.029612099797219446, 0.002431222008957134, N, 1.0, 3906
0.029612099797219446, 0.0024309109518935515, N, 1.0, 9087
0.029612099797219446, 0.002430599974414737, N, 1.0, 891
0.029612099797219446, 0.002430289076490151, N, 1.0, 1121
0.029612099797219446, 0.0024299782580892697, N, 1.0, 9793
0.029612099797219446, 0.0024296675191815857, N, 1.0, 5685
0.029612099797219446, 0.0024293568597366067, N, 1.0, 11246
0.029612099797219446, 0.002429046279723856, N, 1.0, 11286
0.029612099797219446, 0.0024287357791128723, N, 1.0, 6487
0.029612099797219446, 0.0024284253578732108, N, 1.0, 11424
0.029612099797219446, 0.0024281150159744407, N, 1.0, 3406
0.029612099797219446, 0.0024278047533861486, N, 1.0, 8664
0.029612099797219446, 0.0024274945700779355, N, 1.0, 3672
0.029612099797219446, 0.0024271844660194173, N, 1.0, 423
0.029612099797219446, 0.002426874441180227, N, 1.0, 527
0.029612099797219446, 0.002426564495530013, N, 1.0, 3985
0.029612099797219446, 0.002426254629038437, N, 1.0, 10540
0.029612099797219446, 0.002425944841675179, N, 1.0, 11046
0.029612099797219446, 0.002425635133409932, N, 1.0, 11261
0.029612099797219446, 0.0024253255042124074, N, 1.0, 8345
0.029612099797219446, 0.0024250159540523293, N, 1.0, 8422
0.029612099797219446, 0.0024247064828994383, N, 1.0, 293
0.029612099797219446, 0.0024243970907234912, N, 1.0, 4173
0.029612099797219446, 0.0024240877774942588, N, 1.0, 1310
0.029612099797219446, 0.002423778543181528, N, 1.0, 10032
0.029612099797219446, 0.002423469387755102, N, 1.0, 10084
0.029612099797219446, 0.0024231603111847977, N, 1.0, 10241
0.029612099797219446, 0.0024228513134404487, N, 1.0, 1943
0.029612099797219446, 0.0024225423944919037, N, 1.0, 5911
0.029612099797219446, 0.002422233554309026, N, 1.0, 11072
0.029612099797219446, 0.0024219247928616953, N, 1.0, 2753
0.029612099797219446, 0.002421616110119806, N, 1.0, 7982
0.029612099797219446, 0.002421307506053269, N, 1.0, 2977
0.029612099797219446, 0.002420998980632008, N, 1.0, 3391
0.029612099797219446, 0.0024206905338259653, N, 1.0, 623
0.029612099797219446, 0.0024203821656050956, N, 1.0, 4870
0.029612099797219446, 0.002420073875939371, N, 1.0, 5332
0.029612099797219446, 0.0024197656647987776, N, 1.0, 10467
0.029612099797219446, 0.0024194575321533174, N, 1.0, 7405
0.029612099797219446, 0.0024191494779730073, N, 1.0, 2998
0.029612099797219446, 0.0024188415022278805, N, 1.0, 8128
0.029612099797219446, 0.0024185336048879835, N, 1.0, 8666
0.029612099797219446, 0.0024182257859233806, N, 1.0, 1577
0.029612099797219446, 0.0024179180453041487, N, 1.0, 1755
0.029612099797219446, 0.0024176103830003816, N, 1.0, 10274
0.029612099797219446, 0.002417302798982188, N, 1.0, 5354
0.029612099797219446, 0.0024169952932196924, N, 1.0, 5530
0.029612099797219446, 0.0024166878656830325, N, 1.0, 11113
0.029612099797219446, 0.002416380516342363, N, 1.0, 6800
0.029612099797219446, 0.0024160732451678534, N, 1.0, 3475
0.029612099797219446, 0.0024157660521296883, N, 1.0, 3743
0.029612099797219446, 0.0024154589371980675, N, 1.0, 4174
0.029612099797219446, 0.0024151519003432057, N, 1.0, 9422
0.029612099797219446, 0.002414844941535333, N, 1.0, 1201
0.029612099797219446, 0.0024145380607446944, N, 1.0, 5136
0.029612099797219446, 0.0024142312579415503, N, 1.0, 2278
0.029612099797219446, 0.0024139245330961757, N, 1.0, 7205
0.029612099797219446, 0.002413617886178862, N, 1.0, 8297
0.029612099797219446, 0.002413311317159914, N, 1.0, 9503
0.029612099797219446, 0.002413004826009652, N, 1.0, 4361
0.029612099797219446, 0.0024126984126984128, N, 1.0, 9562
0.029612099797219446, 0.0024123920771965466, N, 1.0, 1279
0.029612099797219446, 0.0024120858194744193, N, 1.0, 1328
0.029612099797219446, 0.0024117796395024117, N, 1.0, 4923
0.029612099797219446, 0.0024114735372509203, N, 1.0, 10260
0.029612099797219446, 0.0024111675126903555, N, 1.0, 5276
0.029612099797219446, 0.0024108615657911434, N, 1.0, 5336
0.029612099797219446, 0.002410555696523725, N, 1.0, 10524
0.029612099797219446, 0.0024102499048585563, N, 1.0, 5634
0.029612099797219446, 0.0024099441907661084, N, 1.0, 10888
0.029612099797219446, 0.0024096385542168677, N, 1.0, 6723
0.029612099797219446, 0.002409332995181334, N, 1.0, 2469
0.029612099797219446, 0.002409027513630024, N, 1.0, 3118
0.029612099797219446, 0.0024087221095334685, N, 1.0, 3408
0.029612099797219446, 0.002408416782862213, N, 1.0, 8609
0.029612099797219446, 0.002408111533586819, N, 1.0, 3874
0.029612099797219446, 0.002407806361677861, N, 1.0, 1457
0.029612099797219446, 0.00240750126710593, N, 1.0, 5016
0.029612099797219446, 0.0024071962498416317, N, 1.0, 5125
0.029612099797219446, 0.0024068913098555865, N, 1.0, 10794
0.029612099797219446, 0.0024065864471184296, N, 1.0, 6270
0.029612099797219446, 0.0024062816616008107, N, 1.0, 7122
0.029612099797219446, 0.002405976953273395, N, 1.0, 7536
0.029612099797219446, 0.0024056723221068626, N, 1.0, 7653
0.029612099797219446, 0.002405367768071908, N, 1.0, 2785
0.029612099797219446, 0.0024050632911392406, N, 1.0, 3307
0.029612099797219446, 0.0024047588912795848, N, 1.0, 554
0.029612099797219446, 0.00240445456846368, N, 1.0, 780
0.029612099797219446, 0.00240415032266228, N, 1.0, 4121
0.029612099797219446, 0.002403846153846154, N, 1.0, 4784
0.029612099797219446, 0.002403542061986085, N, 1.0, 1709
0.029612099797219446, 0.0024032380470528714, N, 1.0, 1778
0.029612099797219446, 0.002402934109017326, N, 1.0, 5258
0.029612099797219446, 0.0024026302478502783, N, 1.0, 7071
0.029612099797219446, 0.002402326463522569, N, 1.0, 7209
0.029612099797219446, 0.002402022756005057, N, 1.0, 356
0.029612099797219446, 0.0024017191252686133, N, 1.0, 8934
0.029612099797219446, 0.0024014155712841255, N, 1.0, 1389
0.029612099797219446, 0.0024011120940224946, N, 1.0, 10624
0.029612099797219446, 0.0024008086934546374, N, 1.0, 2192
0.029612099797219446, 0.0024005053695514847, N, 1.0, 10720
0.029612099797219446, 0.0024002021222839817, N, 1.0, 11380
0.029612099797219446, 0.0023998989516230895, N, 1.0, 7525
0.029612099797219446, 0.0023995958575397827, N, 1.0, 2671
0.029612099797219446, 0.002399292840005051, N, 1.0, 3778
0.029612099797219446, 0.002398989898989899, N, 1.0, 535
0.029612099797219446, 0.002398687034465345, N, 1.0, 699
0.029612099797219446, 0.0023983842464024236, N, 1.0, 1510
0.029612099797219446, 0.002398081534772182, N, 1.0, 5017
0.029612099797219446, 0.002397778899545684, N, 1.0, 5357
0.029612099797219446, 0.0023974763406940064, N, 1.0, 10687
0.029612099797219446, 0.0023971738581882412, N, 1.0, 10911
0.029612099797219446, 0.002396871451999495, N, 1.0, 5901
0.029612099797219446, 0.00239656912209889, N, 1.0, 11306
0.029612099797219446, 0.002396266868457561, N, 1.0, 7304
0.029612099797219446, 0.0023959646910466583, N, 1.0, 83
0.029612099797219446, 0.002395662589837347, N, 1.0, 494
0.029612099797219446, 0.002395360564800807, N, 1.0, 9077
0.029612099797219446, 0.0023950586159082314, N, 1.0, 4466
0.029612099797219446, 0.0023947567431308295, N, 1.0, 1206
0.029612099797219446, 0.0023944549464398235, N, 1.0, 1371
0.029612099797219446, 0.0023941532258064517, N, 1.0, 1896
0.029612099797219446, 0.0023938515812019657, N, 1.0, 5671
0.029612099797219446, 0.0023935500125976316, N, 1.0, 6158
0.029612099797219446, 0.002393248519964731, N, 1.0, 6339
0.029612099797219446, 0.0023929471032745593, N, 1.0, 6654
0.029612099797219446, 0.002392645762498426, N, 1.0, 7622
0.029612099797219446, 0.0023923444976076554, N, 1.0, 7866
0.029612099797219446, 0.0023920433085735868, N, 1.0, 469
0.029612099797219446, 0.002391742195367573, N, 1.0, 1015
0.029612099797219446, 0.0023914411579609818, N, 1.0, 1069
0.029612099797219446, 0.002391140196325195, N, 1.0, 9800
0.029612099797219446, 0.0023908393104316093, N, 1.0, 10945
0.029612099797219446, 0.0023905385002516355, N, 1.0, 11252
0.029612099797219446, 0.002390237765756699, N, 1.0, 6428
0.029612099797219446, 0.002389937106918239, N, 1.0, 2318
0.029612099797219446, 0.0023896365237077097, N, 1.0, 7408
0.029612099797219446, 0.0023893360160965795, N, 1.0, 3411
0.029612099797219446, 0.002389035584056331, N, 1.0, 9008
0.029612099797219446, 0.002388735227558461, N, 1.0, 10075
0.029612099797219446, 0.0023884349465744816, N, 1.0, 10639
0.029612099797219446, 0.0023881347410759177, N, 1.0, 2263
0.029612099797219446, 0.0023878346110343092, N, 1.0, 10796
0.029612099797219446, 0.0023875345564212114, N, 1.0, 8092
0.029612099797219446, 0.002387234577208192, N, 1.0, 3309
0.029612099797219446, 0.0023869346733668344, N, 1.0, 8697
0.029612099797219446, 0.002386634844868735, N, 1.0, 389
0.029612099797219446, 0.0023863350916855063, N, 1.0, 8922
0.029612099797219446, 0.002386035413788773, N, 1.0, 3797
0.029612099797219446, 0.0023857358111501756, N, 1.0, 3847
0.029612099797219446, 0.0023854362837413684, N, 1.0, 556
0.029612099797219446, 0.0023851368315340195, N, 1.0, 661
0.029612099797219446, 0.002384837454499812, N, 1.0, 4126
0.029612099797219446, 0.002384538152610442, N, 1.0, 883
0.029612099797219446, 0.002384238925837621, N, 1.0, 4542
0.029612099797219446, 0.002383939774153074, N, 1.0, 1319
0.029612099797219446, 0.002383640697528541, N, 1.0, 1603
0.029612099797219446, 0.0023833416959357753, N, 1.0, 5860
0.029612099797219446, 0.0023830427693465445, N, 1.0, 6098
0.029612099797219446, 0.002382743917732631, N, 1.0, 11323
0.029612099797219446, 0.002382445141065831, N, 1.0, 11415
0.029612099797219446, 0.002382146439317954, N, 1.0, 6595
0.029612099797219446, 0.002381847812460825, N, 1.0, 7553
0.029612099797219446, 0.0023815492604662824, N, 1.0, 7673
0.029612099797219446, 0.0023812507833061787, N, 1.0, 2927
0.029612099797219446, 0.002380952380952381, N, 1.0, 8246
0.029612099797219446, 0.00238065405337677, N, 1.0, 272
0.029612099797219446, 0.00238035580055124, N, 1.0, 313
0.029612099797219446, 0.0023800576224477015, N, 1.0, 359
0.029612099797219446, 0.0023797595190380764, N, 1.0, 409
0.029612099797219446, 0.002379461490294302, N, 1.0, 9098
0.029612099797219446, 0.0023791635361883295, N, 1.0, 4144
0.029612099797219446, 0.0023788656566921247, N, 1.0, 9674
0.029612099797219446, 0.0023785678517776665, N, 1.0, 10264
0.029612099797219446, 0.002378270121416948, N, 1.0, 5280
0.029612099797219446, 0.0023779724655819774, N, 1.0, 2087
0.029612099797219446, 0.0023776748842447753, N, 1.0, 6055
0.029612099797219446, 0.0023773773773773776, N, 1.0, 6968
0.029612099797219446, 0.0023770799449518328, N, 1.0, 2319
0.029612099797219446, 0.0023767825869402052, N, 1.0, 2422
0.029612099797219446, 0.0023764853033145716, N, 1.0, 3239
0.029612099797219446, 0.0023761880940470236, N, 1.0, 241
0.029612099797219446, 0.002375890959109666, N, 1.0, 3882
0.029612099797219446, 0.0023755938984746186, N, 1.0, 9361
0.029612099797219446, 0.0023752969121140144, N, 1.0, 4322
0.029612099797219446, 0.002375, N, 1.0, 1192
0.029612099797219446, 0.002374703162104737, N, 1.0, 1254
0.029612099797219446, 0.0023744063984004, N, 1.0, 10076
0.029612099797219446, 0.0023741097088591776, N, 1.0, 10377
0.029612099797219446, 0.0023738130934532736, N, 1.0, 5428
0.029612099797219446, 0.0023735165521549034, N, 1.0, 10690
0.029612099797219446, 0.0023732200849362977, N, 1.0, 5953
0.029612099797219446, 0.0023729236917697017, N, 1.0, 6808
0.029612099797219446, 0.0023726273726273725, N, 1.0, 6993
0.029612099797219446, 0.002372331127481583, N, 1.0, 3136
0.029612099797219446, 0.002372034956304619, N, 1.0, 496
0.029612099797219446, 0.0023717388590687805, N, 1.0, 4179
0.029612099797219446, 0.0023714428357463806, N, 1.0, 999
0.029612099797219446, 0.0023711468863097467, N, 1.0, 1114
0.029612099797219446, 0.0023708510107312204, N, 1.0, 4610
0.029612099797219446, 0.0023705552089831566, N, 1.0, 10452
0.029612099797219446, 0.0023702594810379243, N, 1.0, 2016
0.029612099797219446, 0.002369963826867906, N, 1.0, 2131
0.029612099797219446, 0.002369668246445498, N, 1.0, 5806
0.029612099797219446, 0.0023693727397431103, N, 1.0, 2461
0.029612099797219446, 0.002369077306733167, N, 1.0, 3034
0.029612099797219446, 0.0023687819473881063, N, 1.0, 42
0.029612099797219446, 0.002368486661680379, N, 1.0, 360
0.029612099797219446, 0.0023681914495824507, N, 1.0, 3865
0.029612099797219446, 0.0023678963110667995, N, 1.0, 9212
0.029612099797219446, 0.002367601246105919, N, 1.0, 803
0.029612099797219446, 0.002367306254672315, N, 1.0, 4145
0.029612099797219446, 0.0023670113367385073, N, 1.0, 9344
0.029612099797219446, 0.0023667164922770304, N, 1.0, 962
0.029612099797219446, 0.002366421721260431, N, 1.0, 9441
0.029612099797219446, 0.0023661270236612704, N, 1.0, 1444
0.029612099797219446, 0.002365832399452123, N, 1.0, 1568
0.029612099797219446, 0.0023655378486055778, N, 1.0, 5008
0.029612099797219446, 0.0023652433710942364, N, 1.0, 10267
0.029612099797219446, 0.0023649489668907146, N, 1.0, 10535
0.029612099797219446, 0.0023646546359676417, N, 1.0, 5522
0.029612099797219446, 0.0023643603782976604, N, 1.0, 11254
0.029612099797219446, 0.002364066193853428, N, 1.0, 6369
0.029612099797219446, 0.002363772082607614, N, 1.0, 2475
0.029612099797219446, 0.002363478044532902, N, 1.0, 3296
0.029612099797219446, 0.00236318407960199, N, 1.0, 3883
0.029612099797219446, 0.0023628901877875887, N, 1.0, 704
0.029612099797219446, 0.0023625963690624223, N, 1.0, 772
0.029612099797219446, 0.002362302623399229, N, 1.0, 818
0.029612099797219446, 0.002362008950770761, N, 1.0, 9589
0.029612099797219446, 0.0023617153511497823, N, 1.0, 1933
0.029612099797219446, 0.002361421824509073, N, 1.0, 5601
0.029612099797219446, 0.002361128370821424, N, 1.0, 10859
0.029612099797219446, 0.002360834990059642, N, 1.0, 6148
0.029612099797219446, 0.002360541682196546, N, 1.0, 7252
0.029612099797219446, 0.002360248447204969, N, 1.0, 7917
0.029612099797219446, 0.002359955285057757, N, 1.0, 665
0.029612099797219446, 0.0023596621957277697, N, 1.0, 9852
0.029612099797219446, 0.0023593691791878803, N, 1.0, 5035
0.029612099797219446, 0.0023590762354109758, N, 1.0, 5266
0.029612099797219446, 0.0023587833643699567, N, 1.0, 1901
0.029612099797219446, 0.0023584905660377358, N, 1.0, 5971
0.029612099797219446, 0.002358197840387241, N, 1.0, 7511
0.029612099797219446, 0.0023579051873914123, N, 1.0, 8054
0.029612099797219446, 0.002357612607023204, N, 1.0, 316
0.029612099797219446, 0.0023573200992555833, N, 1.0, 9629
0.029612099797219446, 0.002357027664061531, N, 1.0, 10157
0.029612099797219446, 0.0023567353014140413, N, 1.0, 2034
0.029612099797219446, 0.002356443011286122, N, 1.0, 10775
0.029612099797219446, 0.0023561507936507935, N, 1.0, 7767
0.029612099797219446, 0.002355858648481091, N, 1.0, 3299
0.029612099797219446, 0.002355566575750062, N, 1.0, 8413
0.029612099797219446, 0.0023552745754307674, N, 1.0, 435
0.029612099797219446, 0.0023549826474962817, N, 1.0, 707
0.029612099797219446, 0.0023546907919196926, N, 1.0, 4110
0.029612099797219446, 0.0023543990086741014, N, 1.0, 9529
0.029612099797219446, 0.002354107297732623, N, 1.0, 4654
0.029612099797219446, 0.0023538156590683845, N, 1.0, 9904
0.029612099797219446, 0.0023535240926545273, N, 1.0, 10806
0.029612099797219446, 0.002353232598464206, N, 1.0, 11007
0.029612099797219446, 0.002352941176470588, N, 1.0, 2395
0.029612099797219446, 0.0023526498266468548, N, 1.0, 8038
0.029612099797219446, 0.0023523585489662003, N, 1.0, 92
0.029612099797219446, 0.002352067343401832, N, 1.0, 8971
0.029612099797219446, 0.002351776209926971, N, 1.0, 9144
0.029612099797219446, 0.0023514851485148514, N, 1.0, 9377
0.029612099797219446, 0.0023511941591387205, N, 1.0, 4289
0.029612099797219446, 0.0023509032417718388, N, 1.0, 9546
0.029612099797219446, 0.00235061239638748, N, 1.0, 11141
0.029612099797219446, 0.0023503216229589312, N, 1.0, 11282
0.029612099797219446, 0.002350030921459493, N, 1.0, 7397
0.029612099797219446, 0.0023497402918624785, N, 1.0, 2930
0.029612099797219446, 0.0023494497341412144, N, 1.0, 2990
0.029612099797219446, 0.0023491592482690407, N, 1.0, 473
0.029612099797219446, 0.00234886883421931, N, 1.0, 9235
0.029612099797219446, 0.0023485784919653895, N, 1.0, 1178
0.029612099797219446, 0.0023482882214806576, N, 1.0, 9881
0.029612099797219446, 0.0023479980227385073, N, 1.0, 11297
0.029612099797219446, 0.002347707895712344, N, 1.0, 3054
0.029612099797219446, 0.002347417840375587, N, 1.0, 8415
0.029612099797219446, 0.0023471278567016676, N, 1.0, 3365
0.029612099797219446, 0.0023468379446640315, N, 1.0, 9012
0.029612099797219446, 0.002346548104236137, N, 1.0, 4391
0.029612099797219446, 0.0023462583353914546, N, 1.0, 5080
0.029612099797219446, 0.0023459686381034697, N, 1.0, 2054
0.029612099797219446, 0.002345679012345679, N, 1.0, 10604
0.029612099797219446, 0.0023453894580915935, N, 1.0, 6516
0.029612099797219446, 0.002345099975314737, N, 1.0, 7132
0.029612099797219446, 0.0023448105639886463, N, 1.0, 8870
0.029612099797219446, 0.0023445212240868706, N, 1.0, 3901
0.029612099797219446, 0.0023442319555829734, N, 1.0, 9432
0.029612099797219446, 0.0023439427584505306, N, 1.0, 1057
0.029612099797219446, 0.0023436536326631304, N, 1.0, 10345
0.029612099797219446, 0.0023433645781943757, N, 1.0, 5739
0.029612099797219446, 0.0023430755950178813, N, 1.0, 10881
0.029612099797219446, 0.002342786683107275, N, 1.0, 5869
0.029612099797219446, 0.002342497842436198, N, 1.0, 6773
0.029612099797219446, 0.0023422090729783036, N, 1.0, 2626
0.029612099797219446, 0.00234192037470726, N, 1.0, 2664
0.029612099797219446, 0.0023416317475967465, N, 1.0, 3283
0.029612099797219446, 0.002341343191620456, N, 1.0, 4029
0.029612099797219446, 0.0023410547067520947, N, 1.0, 9288
0.029612099797219446, 0.0023407662929653813, N, 1.0, 9396
0.029612099797219446, 0.002340477950234048, N, 1.0, 1504
0.029612099797219446, 0.0023401896785318387, N, 1.0, 10538
0.029612099797219446, 0.0023399014778325124, N, 1.0, 11345
0.029612099797219446, 0.0023396133481098386, N, 1.0, 11389
0.029612099797219446, 0.002339325289337602, N, 1.0, 6622
0.029612099797219446, 0.0023390373014895976, N, 1.0, 7115
0.029612099797219446, 0.0023387493845396356, N, 1.0, 2889
0.029612099797219446, 0.0023384615384615384, N, 1.0, 3007
0.029612099797219446, 0.002338173763229141, N, 1.0, 3126
0.029612099797219446, 0.002337886058816291, N, 1.0, 9062
0.029612099797219446, 0.0023375984251968506, N, 1.0, 710
0.028872770861085275, 0.0023373108623446917, N, 1.0, 3261
0.028872770861085275, 0.0023370233702337023, N, 1.0, 3704
0.028872770861085275, 0.0023367359488377813, N, 1.0, 9272
0.028872770861085275, 0.002336448598130841, N, 1.0, 10204
0.028872770861085275, 0.0023361613180868067, N, 1.0, 10255
0.028872770861085275, 0.0023358741086796165, N, 1.0, 7878
0.028872770861085275, 0.002335586969883221, N, 1.0, 9164
0.028872770861085275, 0.002335299901671583, N, 1.0, 10680
0.028872770861085275, 0.0023350129040186803, N, 1.0, 7042
0.028872770861085275, 0.002334725976898501, N, 1.0, 384
0.028872770861085275, 0.0023344391202850473, N, 1.0, 8916
0.028872770861085275, 0.002334152334152334, N, 1.0, 547
0.028872770861085275, 0.002333865618474389, N, 1.0, 4529
0.028872770861085275, 0.002333578973225252, N, 1.0, 4843
0.028872770861085275, 0.002333292398378976, N, 1.0, 10554
0.028872770861085275, 0.002333005893909627, N, 1.0, 5667
0.028872770861085275, 0.002332719459791283, N, 1.0, 736
0.028872770861085275, 0.002332433095998036, N, 1.0, 4617
0.028872770861085275, 0.0023321468025039893, N, 1.0, 2076
0.028872770861085275, 0.0023318605792832597, N, 1.0, 2312
0.028872770861085275, 0.002331574426309977, N, 1.0, 8320
0.028872770861085275, 0.002331288343558282, N, 1.0, 8397
0.028872770861085275, 0.002331002331002331, N, 1.0, 176
0.028872770861085275, 0.0023307163886162907, N, 1.0, 751
0.028872770861085275, 0.002330430516374341, N, 1.0, 4199
0.028872770861085275, 0.0023301447142506744, N, 1.0, 5123
0.028872770861085275, 0.0023298589822194973, N, 1.0, 1979
0.028872770861085275, 0.002329573320255027, N, 1.0, 10681
0.028872770861085275, 0.0023292877283314943, N, 1.0, 6875
0.028872770861085275, 0.002329002206423143, N, 1.0, 2802
0.028872770861085275, 0.0023287167545042284, N, 1.0, 673
0.028872770861085275, 0.0023284313725490196, N, 1.0, 4033
0.028872770861085275, 0.0023281460605317976, N, 1.0, 767
0.028872770861085275, 0.002327860818426856, N, 1.0, 4154
0.028872770861085275, 0.0023275756462085018, N, 1.0, 4312
0.028872770861085275, 0.0023272905438510533, N, 1.0, 1401
0.028872770861085275, 0.0023270055113288426, N, 1.0, 2643
0.028872770861085275, 0.0023267205486162137, N, 1.0, 8424
0.028872770861085275, 0.002326435655687523, N, 1.0, 10087
0.028872770861085275, 0.00232615083251714, N, 1.0, 5612
0.028872770861085275, 0.0023258660790794468, N, 1.0, 10817
0.028872770861085275, 0.002325581395348837, N, 1.0, 6088
0.028872770861085275, 0.0023252967812997186, N, 1.0, 6407
0.028872770861085275, 0.00232501223690651, N, 1.0, 739
0.028872770861085275, 0.0023247277621436437, N, 1.0, 5688
0.028872770861085275, 0.002324443356985564, N, 1.0, 7026
0.028872770861085275, 0.0023241590214067276, N, 1.0, 8900
0.028872770861085275, 0.0023238747553816046, N, 1.0, 9117
0.028872770861085275, 0.0023235905588846763, N, 1.0, 696
0.028872770861085275, 0.0023233064318904377, N, 1.0, 4036
0.028872770861085275, 0.0023230223743733952, N, 1.0, 2045
0.028872770861085275, 0.0023227383863080684, N, 1.0, 10636
0.028872770861085275, 0.0023224544676689893, N, 1.0, 10686
0.028872770861085275, 0.0023221706184307018, N, 1.0, 6137
0.028872770861085275, 0.0023218868385677625, N, 1.0, 3012
0.028872770861085275, 0.002321603128054741, N, 1.0, 249
0.028872770861085275, 0.002321319486866219, N, 1.0, 295
0.028872770861085275, 0.0023210359149767896, N, 1.0, 1366
0.028872770861085275, 0.0023207524123610604, N, 1.0, 1835
0.028872770861085275, 0.002320468978993649, N, 1.0, 2511
0.028872770861085275, 0.002320185614849188, N, 1.0, 8985
0.028872770861085275, 0.00231990231990232, N, 1.0, 7694
0.028872770861085275, 0.002319619094127701, N, 1.0, 8475
0.028872770861085275, 0.0023193359375, N, 1.0, 4886
0.028872770861085275, 0.002319052849993897, N, 1.0, 448
0.028872770861085275, 0.002318769831584086, N, 1.0, 4401
0.028872770861085275, 0.0023184868822452714, N, 1.0, 10706
0.028872770861085275, 0.002318204001952172, N, 1.0, 11017
0.028872770861085275, 0.002317921190679517, N, 1.0, 7031
0.028872770861085275, 0.0023176384484020493, N, 1.0, 10491
0.028872770861085275, 0.002317355775094524, N, 1.0, 6451
0.028872770861085275, 0.002317073170731707, N, 1.0, 207
0.028872770861085275, 0.0023167906352883796, N, 1.0, 346
0.028872770861085275, 0.002316508168739332, N, 1.0, 9483
0.028872770861085275, 0.0023162257710593686, N, 1.0, 10451
0.028872770861085275, 0.0023159434422233057, N, 1.0, 10658
0.028872770861085275, 0.0023156611822059718, N, 1.0, 2567
0.028872770861085275, 0.002315378990982208, N, 1.0, 8887
0.028872770861085275, 0.002315096868526867, N, 1.0, 9440
0.028872770861085275, 0.0023148148148148147, N, 1.0, 4803
0.028872770861085275, 0.0023145328298209283, N, 1.0, 10416
0.028872770861085275, 0.0023142509135200976, N, 1.0, 3362
0.028872770861085275, 0.0023139690658872244, N, 1.0, 3582
0.028872770861085275, 0.0023136872868972235, N, 1.0, 6452
0.028872770861085275, 0.0023134055765250214, N, 1.0, 727
0.028872770861085275, 0.0023131239347455564, N, 1.0, 4060
0.028872770861085275, 0.0023128423615337798, N, 1.0, 884
0.028872770861085275, 0.0023125608568646543, N, 1.0, 9426
0.028872770861085275, 0.0023122794207131557, N, 1.0, 4347
0.028872770861085275, 0.002311998053054271, N, 1.0, 9541
0.028872770861085275, 0.0023117167538630004, N, 1.0, 10512
0.028872770861085275, 0.0023114355231143554, N, 1.0, 2064
0.028872770861085275, 0.0023111543607833595, N, 1.0, 6099
0.028872770861085275, 0.0023108732668450497, N, 1.0, 11370
0.028872770861085275, 0.002310592241274474, N, 1.0, 3977
0.028872770861085275, 0.0023103112840466926, N, 1.0, 1625
0.028872770861085275, 0.002310030395136778, N, 1.0, 5165
0.028872770861085275, 0.0023097495745198152, N, 1.0, 5830
0.028872770861085275, 0.0023094688221709007, N, 1.0, 2674
0.028872770861085275, 0.0023091881380651433, N, 1.0, 3526
0.028872770861085275, 0.002308907522177664, N, 1.0, 541
0.028872770861085275, 0.0023086269744835965, N, 1.0, 729
0.028872770861085275, 0.002308346494958085, N, 1.0, 5094
0.028872770861085275, 0.0023080660835762875, N, 1.0, 8939
0.028872770861085275, 0.002307785740313373, N, 1.0, 649
0.028872770861085275, 0.002307505465144523, N, 1.0, 9176
0.028872770861085275, 0.00230722525804493, N, 1.0, 872
0.028872770861085275, 0.002306945118989801, N, 1.0, 9365
0.028872770861085275, 0.002306665047954352, N, 1.0, 10121
0.028872770861085275, 0.002306385044913814, N, 1.0, 5602
0.028872770861085275, 0.0023061051098434275, N, 1.0, 5720
0.028872770861085275, 0.0023058252427184465, N, 1.0, 7195
0.028872770861085275, 0.0023055454435141364, N, 1.0, 393
0.028872770861085275, 0.002305265712205775, N, 1.0, 731
0.028872770861085275, 0.002304986048768652, N, 1.0, 1430
0.028872770861085275, 0.002304706453178069, N, 1.0, 5972
0.028872770861085275, 0.002304426925409339, N, 1.0, 11023
0.028872770861085275, 0.002304147465437788, N, 1.0, 7513
0.028872770861085275, 0.0023038680732387533, N, 1.0, 7807
0.028872770861085275, 0.002303588748787585, N, 1.0, 225
0.028872770861085275, 0.0023033094920596434, N, 1.0, 8724
0.028872770861085275, 0.002303030303030303, N, 1.0, 9395
0.028872770861085275, 0.0023027511816749485, N, 1.0, 1748
0.028872770861085275, 0.0023024721279689773, N, 1.0, 7768
0.028872770861085275, 0.0023021931418877985, N, 1.0, 1999
0.028872770861085275, 0.002301914223406833, N, 1.0, 5491
0.028872770861085275, 0.0023016353725015142, N, 1.0, 2118
0.028872770861085275, 0.002301356589147287, N, 1.0, 7316
0.028872770861085275, 0.0023010778733196075, N, 1.0, 8039
0.028872770861085275, 0.0023007992249939454, N, 1.0, 7217
0.028872770861085275, 0.0023005206441457805, N, 1.0, 967
0.028872770861085275, 0.0023002421307506053, N, 1.0, 1021
0.028872770861085275, 0.0022999636847839244, N, 1.0, 9751
0.028872770861085275, 0.0022996853062212537, N, 1.0, 2256
0.028872770861085275, 0.0022994069950381217, N, 1.0, 10902
0.028872770861085275, 0.002299128751210068, N, 1.0, 5991
0.028872770861085275, 0.0022988505747126436, N, 1.0, 6916
0.028872770861085275, 0.002298572465521413, N, 1.0, 291
0.028133441924951104, 0.0022982944236119513, N, 1.0, 4278
0.028133441924951104, 0.0022980164489598454, N, 1.0, 2827
0.028133441924951104, 0.0022977385415406944, N, 1.0, 3709
0.028133441924951104, 0.002297460701330109, N, 1.0, 63
0.028133441924951104, 0.0022971829283037117, N, 1.0, 936
0.028133441924951104, 0.0022969052224371374, N, 1.0, 9246
0.028133441924951104, 0.0022966275837060317, N, 1.0, 10354
0.028133441924951104, 0.0022963500120860526, N, 1.0, 72
0.028133441924951104, 0.00229607250755287, N, 1.0, 11391
0.028133441924951104, 0.002295795070082165, N, 1.0, 10137
0.028133441924951104, 0.0022955176996496316, N, 1.0, 361
0.028133441924951104, 0.002295240396230974, N, 1.0, 4134
0.028133441924951104, 0.0022949631598019084, N, 1.0, 2126
0.028133441924951104, 0.002294685990338164, N, 1.0, 4608
0.028133441924951104, 0.0022944088878154812, N, 1.0, 4971
0.028133441924951104, 0.002294131852209611, N, 1.0, 1550
0.023318068252115843, 0.002293854883496318, N, 1.0, 9972
0.023318068252115843, 0.0022935779816513763, N, 1.0, 3284
0.023318068252115843, 0.0022933011466505734, N, 1.0, 229
0.023318068252115843, 0.002293024378469708, N, 1.0, 2326
0.023318068252115843, 0.00229274767708459, N, 1.0, 8207
0.023318068252115843, 0.0022924710424710427, N, 1.0, 3263
0.023318068252115843, 0.002292194474604898, N, 1.0, 10464
0.023318068252115843, 0.0022919179734620025, N, 1.0, 7461
0.023318068252115843, 0.0022916415390182125, N, 1.0, 5294
0.023318068252115843, 0.002291365171249397, N, 1.0, 5998
0.023318068252115843, 0.0022910888701314362, N, 1.0, 1534
0.023318068252115843, 0.002290812635640222, N, 1.0, 6335
0.023318068252115843, 0.0022905364677516574, N, 1.0, 8877
0.023318068252115843, 0.002290260366441659, N, 1.0, 1063
0.023318068252115843, 0.0022899843316861518, N, 1.0, 248
0.023318068252115843, 0.002289708363461075, N, 1.0, 2059
0.023318068252115843, 0.002289432461742379, N, 1.0, 7067
0.023318068252115843, 0.0022891566265060242, N, 1.0, 401
0.023318068252115843, 0.0022888808577279846, N, 1.0, 467
0.023318068252115843, 0.002288605155384245, N, 1.0, 675
0.023318068252115843, 0.002288329519450801, N, 1.0, 4083
0.023318068252115843, 0.002288053949903661, N, 1.0, 4141
0.023318068252115843, 0.002287778446718844, N, 1.0, 6424
0.023318068252115843, 0.0022875030098723813, N, 1.0, 6960
0.023318068252115843, 0.0022872276393403152, N, 1.0, 8667
0.023318068252115843, 0.0022869523350987, N, 1.0, 4648
0.023318068252115843, 0.002286677097123601, N, 1.0, 9258
0.023318068252115843, 0.002286401925391095, N, 1.0, 9536
0.023318068252115843, 0.002286126819877271, N, 1.0, 5802
0.023318068252115843, 0.002285851780558229, N, 1.0, 2658
0.023318068252115843, 0.0022855768074100807, N, 1.0, 10149
0.023318068252115843, 0.002285301900408949, N, 1.0, 8776
0.023318068252115843, 0.002285027059530968, N, 1.0, 11053
0.023318068252115843, 0.002284752284752285, N, 1.0, 6985
0.023318068252115843, 0.002284477576049056, N, 1.0, 7507
0.023318068252115843, 0.0022842029333974513, N, 1.0, 3499
0.023318068252115843, 0.0022839283567736507, N, 1.0, 4191
0.023318068252115843, 0.0022836538461538463, N, 1.0, 4625
0.023318068252115843, 0.002283379401514241, N, 1.0, 6364
0.023318068252115843, 0.00228310502283105, N, 1.0, 1353
0.023318068252115843, 0.0022828307100804996, N, 1.0, 11002
0.023318068252115843, 0.0022825564632388273, N, 1.0, 7779
0.023318068252115843, 0.0022822822822822822, N, 1.0, 2130
0.023318068252115843, 0.0022820081671871247, N, 1.0, 7269
0.023318068252115843, 0.0022817341179296267, N, 1.0, 2513
0.023318068252115843, 0.002281460134486071, N, 1.0, 9566
0.023318068252115843, 0.002281186216832753, N, 1.0, 1285
0.023318068252115843, 0.0022809123649459783, N, 1.0, 8903
0.023318068252115843, 0.0022806385788020646, N, 1.0, 3781
0.023318068252115843, 0.0022803648583773406, N, 1.0, 9527
0.023318068252115843, 0.002280091203648146, N, 1.0, 1992
0.023318068252115843, 0.0022798176145908326, N, 1.0, 2499
0.023318068252115843, 0.0022795440911817636, N, 1.0, 11183
0.023318068252115843, 0.002279270633397313, N, 1.0, 3413
0.023318068252115843, 0.0022789972412138658, N, 1.0, 9301
0.023318068252115843, 0.0022787239146078195, N, 1.0, 9612
0.023318068252115843, 0.002278450653555582, N, 1.0, 44
0.023318068252115843, 0.002278177458033573, N, 1.0, 11295
0.023318068252115843, 0.002277904328018223, N, 1.0, 11385
0.023318068252115843, 0.0022776312634859744, N, 1.0, 2374
0.023318068252115843, 0.0022773582644132805, N, 1.0, 2163
0.023318068252115843, 0.002277085330776606, N, 1.0, 6871
0.023318068252115843, 0.0022768124625524265, N, 1.0, 7379
0.023318068252115843, 0.00227653965971723, N, 1.0, 2966
0.023318068252115843, 0.002276266922247514, N, 1.0, 3650
0.023318068252115843, 0.002275994250119789, N, 1.0, 9492
0.023318068252115843, 0.0022757216433105763, N, 1.0, 1665
0.023318068252115843, 0.0022754491017964074, N, 1.0, 6232
0.023318068252115843, 0.002275176625553826, N, 1.0, 686
0.023318068252115843, 0.002274904214559387, N, 1.0, 2092
0.023318068252115843, 0.0022746318687896566, N, 1.0, 8956
0.023318068252115843, 0.0022743595882212114, N, 1.0, 9177
0.023318068252115843, 0.00227408737283064, N, 1.0, 10918
0.023318068252115843, 0.002273815222594543, N, 1.0, 11271
0.023318068252115843, 0.0022735431374895296, N, 1.0, 258
0.023318068252115843, 0.002273271117492223, N, 1.0, 2235
0.023318068252115843, 0.002272999162579256, N, 1.0, 8894
0.023318068252115843, 0.0022727272727272726, N, 1.0, 3367
0.022578739315981672, 0.002272455447912929, N, 1.0, 1101
0.022578739315981672, 0.002272183688112892, N, 1.0, 9765
0.022578739315981672, 0.002271911993303838, N, 1.0, 1467
0.022578739315981672, 0.002271640363462458, N, 1.0, 10029
0.022578739315981672, 0.0022713687985654514, N, 1.0, 10082
0.022578739315981672, 0.002271097298589529, N, 1.0, 1770
0.022578739315981672, 0.002270825863511414, N, 1.0, 2119
0.022578739315981672, 0.0022705544933078396, N, 1.0, 5664
0.022578739315981672, 0.00227028318795555, N, 1.0, 10964
0.022578739315981672, 0.0022700119474313024, N, 1.0, 6080
0.022578739315981672, 0.0022697407717118625, N, 1.0, 7980
0.022578739315981672, 0.0022694696607740085, N, 1.0, 8170
0.022578739315981672, 0.00226919861459453, N, 1.0, 460
0.022578739315981672, 0.0022689276331502267, N, 1.0, 9224
0.022578739315981672, 0.0022686567164179106, N, 1.0, 9328
0.022578739315981672, 0.002268385864374403, N, 1.0, 9434
0.022578739315981672, 0.0022681150769965383, N, 1.0, 4357
0.022578739315981672, 0.00226784435426116, N, 1.0, 1483
0.022578739315981672, 0.0022675736961451248, N, 1.0, 10099
0.022578739315981672, 0.0022673031026252985, N, 1.0, 1904
0.022578739315981672, 0.0022670325736785586, N, 1.0, 10518
0.022578739315981672, 0.0022667621092817944, N, 1.0, 7402
0.022578739315981672, 0.002266491709411905, N, 1.0, 2627
0.022578739315981672, 0.0022662213740458014, N, 1.0, 3171
0.022578739315981672, 0.0022659511031604056, N, 1.0, 8254
0.022578739315981672, 0.0022656808967326495, N, 1.0, 9237
0.022578739315981672, 0.0022654107547394778, N, 1.0, 9446
0.022578739315981672, 0.0022651406771578447, N, 1.0, 9574
0.022578739315981672, 0.0022648706639647157, N, 1.0, 10067
0.022578739315981672, 0.002264600715137068, N, 1.0, 5062
0.022578739315981672, 0.002264330830651889, N, 1.0, 5122
0.022578739315981672, 0.0022640610104861774, N, 1.0, 1978
0.022578739315981672, 0.002263791254616943, N, 1.0, 5897
0.022578739315981672, 0.0022635215630212057, N, 1.0, 6197
0.022578739315981672, 0.0022632519356759976, N, 1.0, 11259
0.022578739315981672, 0.002262982372558361, N, 1.0, 6623
0.022578739315981672, 0.0022627128736453497, N, 1.0, 7423
0.022578739315981672, 0.0022624434389140274, N, 1.0, 9
0.022578739315981672, 0.0022621740683414692, N, 1.0, 934
0.022578739315981672, 0.002261904761904762, N, 1.0, 9473
0.022578739315981672, 0.0022616355195810025, N, 1.0, 4601
0.022578739315981672, 0.0022613663413472984, N, 1.0, 9768
0.022578739315981672, 0.0022610972271807687, N, 1.0, 10191
0.022578739315981672, 0.0022608281770585435, N, 1.0, 1941
0.022578739315981672, 0.002260559190957763, N, 1.0, 2166
0.022578739315981672, 0.002260290268855579, N, 1.0, 10810
0.022578739315981672, 0.0022600214107291543, N, 1.0, 5790
0.022578739315981672, 0.0022597526165556614, N, 1.0, 5962
0.022578739315981672, 0.0022594838863122845, N, 1.0, 11273
0.022578739315981672, 0.002259215219976219, N, 1.0, 8447
0.022578739315981672, 0.0022589466175246702, N, 1.0, 3440
0.022578739315981672, 0.002258678078934855, N, 1.0, 263
0.022578739315981672, 0.002258409604184001, N, 1.0, 8979
0.022578739315981672, 0.002258141193249346, N, 1.0, 622
0.022578739315981672, 0.0022578728461081403, N, 1.0, 4680
0.022578739315981672, 0.0022576045627376424, N, 1.0, 4991
0.022578739315981672, 0.002257336343115124, N, 1.0, 5153
0.022578739315981672, 0.0022570681872178663, N, 1.0, 5404
0.022578739315981672, 0.002256800095023162, N, 1.0, 10767
0.022578739315981672, 0.0022565320665083135, N, 1.0, 6236
0.022578739315981672, 0.0022562641016506354, N, 1.0, 11333
0.022578739315981672, 0.002255996200427452, N, 1.0, 2467
0.022578739315981672, 0.0022557283628160986, N, 1.0, 2666
0.022578739315981672, 0.002255460588793922, N, 1.0, 3172
0.022578739315981672, 0.002255192878338279, N, 1.0, 4311
0.022578739315981672, 0.002254925231426537, N, 1.0, 9519
0.022578739315981672, 0.0022546576480360746, N, 1.0, 1292
0.022578739315981672, 0.002254390128144281, N, 1.0, 1506
0.022578739315981672, 0.0022541226717285564, N, 1.0, 10112
0.022578739315981672, 0.0022538552787663107, N, 1.0, 5014
0.022578739315981672, 0.0022535879492349663, N, 1.0, 1754
0.022578739315981672, 0.0022533206831119547, N, 1.0, 10273
0.022578739315981672, 0.0022530534803747184, N, 1.0, 11303
0.022578739315981672, 0.0022527863410007113, N, 1.0, 11347
0.022578739315981672, 0.0022525192649673976, N, 1.0, 6503
0.022578739315981672, 0.0022522522522522522, N, 1.0, 8279
0.022578739315981672, 0.0022519853028327604, N, 1.0, 3247
0.022578739315981672, 0.0022517184166864187, N, 1.0, 778
0.022578739315981672, 0.0022514515937907334, N, 1.0, 937
0.022578739315981672, 0.0022511848341232226, N, 1.0, 1200
0.022578739315981672, 0.0022509181376614146, N, 1.0, 9769
0.022578739315981672, 0.0022506515043828478, N, 1.0, 9912
0.022578739315981672, 0.002250384934265072, N, 1.0, 10192
0.022578739315981672, 0.0022501184272856467, N, 1.0, 5085
0.022578739315981672, 0.0022498519834221434, N, 1.0, 7002
0.022578739315981672, 0.002249585602652143, N, 1.0, 2344
0.022578739315981672, 0.0022493192849532377, N, 1.0, 7500
0.022578739315981672, 0.0022490530303030305, N, 1.0, 7927
0.022578739315981672, 0.0022487868386791335, N, 1.0, 3025
0.022578739315981672, 0.0022485207100591716, N, 1.0, 97
0.022578739315981672, 0.0022482546444207788, N, 1.0, 8980
0.022578739315981672, 0.0022479886417415998, N, 1.0, 4020
0.022578739315981672, 0.00224772270199929, N, 1.0, 794
0.022578739315981672, 0.0022474568251715163, N, 1.0, 4187
0.022578739315981672, 0.0022471910112359553, N, 1.0, 9436
0.022578739315981672, 0.002246925260170293, N, 1.0, 9622
0.022578739315981672, 0.002246659571952229, N, 1.0, 4999
0.022578739315981672, 0.0022463939465594703, N, 1.0, 1674
0.022578739315981672, 0.0022461283839697362, N, 1.0, 5105
0.022578739315981672, 0.0022458628841607567, N, 1.0, 10349
0.022578739315981672, 0.0022455974471102705, N, 1.0, 10668
0.022578739315981672, 0.0022453320727960292, N, 1.0, 2939
0.022578739315981672, 0.0022450667611957935, N, 1.0, 8473
0.022578739315981672, 0.0022448015122873348, N, 1.0, 8541
0.022578739315981672, 0.002244536326048435, N, 1.0, 424
0.022578739315981672, 0.0022442712024568863, N, 1.0, 9449
0.022578739315981672, 0.0022440061414904927, N, 1.0, 10071
0.022578739315981672, 0.0022437411431270667, N, 1.0, 10370
0.022578739315981672, 0.0022434762073444327, N, 1.0, 10907
0.022578739315981672, 0.002243211334120425, N, 1.0, 6001
0.022578739315981672, 0.0022429465234328886, N, 1.0, 11393
0.022578739315981672, 0.0022426817752596788, N, 1.0, 7372
0.022578739315981672, 0.002242417089578662, N, 1.0, 201
0.022578739315981672, 0.002242152466367713, N, 1.0, 3640
0.022578739315981672, 0.00224188790560472, N, 1.0, 8963
0.022578739315981672, 0.002241623407267579, N, 1.0, 4461
0.022578739315981672, 0.0022413589713341986, N, 1.0, 4531
0.022578739315981672, 0.0022410945977824957, N, 1.0, 1314
0.022578739315981672, 0.0022408302865904, N, 1.0, 1470
0.022578739315981672, 0.002240566037735849, N, 1.0, 5254
0.022578739315981672, 0.002240301851196793, N, 1.0, 10654
0.022578739315981672, 0.002240037726951191, N, 1.0, 10754
0.022578739315981672, 0.0022397736649770127, N, 1.0, 6336
0.022578739315981672, 0.0022395096652522394, N, 1.0, 6648
0.022578739315981672, 0.0022392457277548615, N, 1.0, 6819
0.022578739315981672, 0.00223898185246288, N, 1.0, 6876
0.022578739315981672, 0.0022387180393543065, N, 1.0, 8450
0.022578739315981672, 0.002238454288407163, N, 1.0, 3860
0.022578739315981672, 0.0022381905995994818, N, 1.0, 3965
0.022578739315981672, 0.002237926972909305, N, 1.0, 4417
0.022578739315981672, 0.0022376634083146863, N, 1.0, 5051
0.022578739315981672, 0.002237399905793688, N, 1.0, 2191
0.022578739315981672, 0.0022371364653243847, N, 1.0, 11248
0.022578739315981672, 0.00223687308688486, N, 1.0, 11335
0.022578739315981672, 0.002236609770453208, N, 1.0, 6843
0.022578739315981672, 0.002236346516007533, N, 1.0, 2419
0.022578739315981672, 0.00223608332352595, N, 1.0, 8262
0.022578739315981672, 0.002235820192986585, N, 1.0, 8474
0.022578739315981672, 0.0022355571243675727, N, 1.0, 373
0.022578739315981672, 0.002235294117647059, N, 1.0, 9297
0.022578739315981672, 0.0022350311728031994, N, 1.0, 9401
0.022578739315981672, 0.002234768289814161, N, 1.0, 1139
0.022578739315981672, 0.0022345054686581205, N, 1.0, 9690
0.022578739315981672, 0.0022342427093132644, N, 1.0, 1295
0.022578739315981672, 0.0022339800117577896, N, 1.0, 9832
0.022578739315981672, 0.0022337173759699037, N, 1.0, 1508
0.022578739315981672, 0.0022334548019278242, N, 1.0, 5175
0.022578739315981672, 0.002233192289609779, N, 1.0, 10489
0.022578739315981672, 0.0022329298389940065, N, 1.0, 6745
0.022578739315981672, 0.0022326674500587544, N, 1.0, 7181
0.022578739315981672, 0.0022324051227822815, N, 1.0, 7373
0.022578739315981672, 0.002232142857142857, N, 1.0, 2543
0.022578739315981672, 0.0022318806531187595, N, 1.0, 7593
0.022578739315981672, 0.002231618510688278, N, 1.0, 2644
0.022578739315981672, 0.002231356429829712, N, 1.0, 3477
0.022578739315981672, 0.0022310944105213715, N, 1.0, 3593
0.022578739315981672, 0.002230832452741576, N, 1.0, 3845
0.022578739315981672, 0.0022305705564686544, N, 1.0, 3893
0.022578739315981672, 0.0022303087216809484, N, 1.0, 10035
0.022578739315981672, 0.0022300469483568074, N, 1.0, 10558
0.022578739315981672, 0.0022297852364745923, N, 1.0, 11015
0.022578739315981672, 0.002229523586012673, N, 1.0, 7009
0.022578739315981672, 0.0022292619969494307, N, 1.0, 7265
0.022578739315981672, 0.002229000469263257, N, 1.0, 7447
0.022578739315981672, 0.0022287390029325513, N, 1.0, 7502
0.022578739315981672, 0.002228477597935726, N, 1.0, 7984
0.022578739315981672, 0.002228216254251202, N, 1.0, 8045
0.022578739315981672, 0.002227954971857411, N, 1.0, 8376
0.022578739315981672, 0.002227693750732794, N, 1.0, 3396
0.022578739315981672, 0.002227432590855803, N, 1.0, 8585
0.022578739315981672, 0.0022271714922048997, N, 1.0, 219
0.022578739315981672, 0.002226910454758556, N, 1.0, 3558
0.022578739315981672, 0.0022266494784952537, N, 1.0, 3609
0.022578739315981672, 0.002226388563393485, N, 1.0, 570
0.022578739315981672, 0.0022261277094317517, N, 1.0, 4086
0.022578739315981672, 0.0022258669165885663, N, 1.0, 1730
0.022578739315981672, 0.0022256061848424506, N, 1.0, 10353
0.022578739315981672, 0.0022253455141719373, N, 1.0, 10414
0.022578739315981672, 0.0022250849045555685, N, 1.0, 2080
0.022578739315981672, 0.002224824355971897, N, 1.0, 10771
0.022578739315981672, 0.002224563868399485, N, 1.0, 10984
0.022578739315981672, 0.0022243034418169046, N, 1.0, 6181
0.022578739315981672, 0.002224043076202739, N, 1.0, 7027
0.022578739315981672, 0.0022237827715355803, N, 1.0, 7104
0.022578739315981672, 0.0022235225277940315, N, 1.0, 7286
0.022578739315981672, 0.002223262344956705, N, 1.0, 3049
0.022578739315981672, 0.002223002223002223, N, 1.0, 8901
0.022578739315981672, 0.0022227421619092184, N, 1.0, 9639
0.022578739315981672, 0.002222482161656334, N, 1.0, 9694
0.022578739315981672, 0.0022222222222222222, N, 1.0, 10490
0.022578739315981672, 0.0022219623435855455, N, 1.0, 11167
0.022578739315981672, 0.0022217025257249765, N, 1.0, 6384
0.022578739315981672, 0.002221442768619198, N, 1.0, 6687
0.022578739315981672, 0.002221183072246902, N, 1.0, 7249
0.022578739315981672, 0.0022209234365867915, N, 1.0, 3134
0.022578739315981672, 0.0022206638616175784, N, 1.0, 8696
0.022578739315981672, 0.002220404347317985, N, 1.0, 3748
0.022578739315981672, 0.0022201448936667446, N, 1.0, 3846
0.022578739315981672, 0.0022198855006425986, N, 1.0, 555
0.022578739315981672, 0.0022196261682242992, N, 1.0, 606
0.022578739315981672, 0.0022193668963906084, N, 1.0, 4007
0.022578739315981672, 0.002219107685120299, N, 1.0, 4539
0.022578739315981672, 0.0022188485343921523, N, 1.0, 1473
0.022578739315981672, 0.0022185894441849605, N, 1.0, 1598
0.022578739315981672, 0.002218330414477525, N, 1.0, 5803
0.022578739315981672, 0.0022180714452486577, N, 1.0, 11076
0.022578739315981672, 0.00221781253647718, N, 1.0, 7449
0.022578739315981672, 0.0022175536881419234, N, 1.0, 2807
0.022578739315981672, 0.0022172949002217295, N, 1.0, 3274
0.022578739315981672, 0.0022170361726954494, N, 1.0, 8588
0.022578739315981672, 0.002216777505541944, N, 1.0, 1332
0.022578739315981672, 0.002216518898740084, N, 1.0, 10152
0.022578739315981672, 0.002216260352268751, N, 1.0, 10673
0.022578739315981672, 0.0022160018661068347, N, 1.0, 5751
0.022578739315981672, 0.002215743440233236, N, 1.0, 5826
0.022578739315981672, 0.0022154850746268656, N, 1.0, 11337
0.022578739315981672, 0.0022152267692666433, N, 1.0, 6905
0.022578739315981672, 0.0022149685241314994, N, 1.0, 2525
0.022578739315981672, 0.002214710339200373, N, 1.0, 7889
0.022578739315981672, 0.0022144522144522147, N, 1.0, 56
0.022578739315981672, 0.002214194149865983, N, 1.0, 3462
0.022578739315981672, 0.002213936145420648, N, 1.0, 188
0.022578739315981672, 0.002213678201095188, N, 1.0, 8669
0.022578739315981672, 0.002213420316868593, N, 1.0, 8838
0.022578739315981672, 0.0022131624927198604, N, 1.0, 431
0.022578739315981672, 0.002212904728627999, N, 1.0, 482
0.022578739315981672, 0.0022126470245720275, N, 1.0, 3833
0.022578739315981672, 0.0022123893805309734, N, 1.0, 756
0.022578739315981672, 0.0022121317964838745, N, 1.0, 924
0.022578739315981672, 0.0022118742724097787, N, 1.0, 9758
0.022578739315981672, 0.002211616808287743, N, 1.0, 1298
0.022578739315981672, 0.002211359404096834, N, 1.0, 9901
0.022578739315981672, 0.0022111020598161294, N, 1.0, 4826
0.022578739315981672, 0.002210844775424715, N, 1.0, 10175
0.022578739315981672, 0.002210587550901687, N, 1.0, 5303
0.022578739315981672, 0.0022103303862261517, N, 1.0, 5599
0.022578739315981672, 0.002210073281377225, N, 1.0, 5773
0.022578739315981672, 0.002209816236334031, N, 1.0, 5841
0.022578739315981672, 0.0022095592510757065, N, 1.0, 5952
0.022578739315981672, 0.0022093023255813954, N, 1.0, 11054
0.022578739315981672, 0.002209045459830252, N, 1.0, 6145
0.022578739315981672, 0.0022087886538014415, N, 1.0, 2545
0.022578739315981672, 0.0022085319074741368, N, 1.0, 2743
0.022578739315981672, 0.002208275220827522, N, 1.0, 3427
0.022578739315981672, 0.0022080185938407903, N, 1.0, 3954
0.022578739315981672, 0.0022077620264931443, N, 1.0, 4177
0.022578739315981672, 0.002207505518763797, N, 1.0, 4231
0.022578739315981672, 0.0022072490706319704, N, 1.0, 1158
0.022578739315981672, 0.0022069926820768963, N, 1.0, 9656
0.022578739315981672, 0.0022067363530778165, N, 1.0, 9918
0.022578739315981672, 0.0022064800836139823, N, 1.0, 4906
0.022578739315981672, 0.002206223873664654, N, 1.0, 1898
0.022578739315981672, 0.0022059677232091025, N, 1.0, 6410
0.022578739315981672, 0.002205711632226608, N, 1.0, 2459
0.022578739315981672, 0.00220545560069646, N, 1.0, 7450
0.022578739315981672, 0.0022051996285979572, N, 1.0, 2758
0.022578739315981672, 0.0022049437159104095, N, 1.0, 2808
0.022578739315981672, 0.0022046878626131353, N, 1.0, 2983
0.022578739315981672, 0.0022044320686854624, N, 1.0, 3159
0.022578739315981672, 0.0022041763341067284, N, 1.0, 8763
0.022578739315981672, 0.002203920658856281, N, 1.0, 8989
0.022578739315981672, 0.002203665042913477, N, 1.0, 573
0.022578739315981672, 0.002203409486257683, N, 1.0, 9282
0.022578739315981672, 0.0022031539888682744, N, 1.0, 4305
0.022578739315981672, 0.0022028985507246378, N, 1.0, 10895
0.022578739315981672, 0.0022026431718061676, N, 1.0, 6310
0.022578739315981672, 0.0022023878520922684, N, 1.0, 11292
0.022578739315981672, 0.002202132591562355, N, 1.0, 11383
0.022578739315981672, 0.0022018773901958514, N, 1.0, 7697
0.022578739315981672, 0.00220162224797219, N, 1.0, 2776
0.022578739315981672, 0.0022013671648708146, N, 1.0, 3412
0.022578739315981672, 0.002201112140871177, N, 1.0, 4040
0.022578739315981672, 0.0022008571759527394, N, 1.0, 4207
0.022578739315981672, 0.002200602270094973, N, 1.0, 4268
0.022578739315981672, 0.0022003474232773594, N, 1.0, 9586
0.022578739315981672, 0.0022000926354793886, N, 1.0, 1647
0.022578739315981672, 0.0021998379066805606, N, 1.0, 5659
0.022578739315981672, 0.0021995832368603844, N, 1.0, 5774
0.022578739315981672, 0.0021993286259983794, N, 1.0, 6007
0.022578739315981672, 0.002199074074074074, N, 1.0, 11221
0.022578739315981672, 0.002198819581067006, N, 1.0, 11354
0.022578739315981672, 0.002198565146956723, N, 1.0, 7251
0.022578739315981672, 0.0021983107717227814, N, 1.0, 7310
0.022578739315981672, 0.002198056455344748, N, 1.0, 2963
0.022578739315981672, 0.002197802197802198, N, 1.0, 450
0.022578739315981672, 0.002197547999074717, N, 1.0, 8968
0.022578739315981672, 0.002197293859141899, N, 1.0, 9188
0.022578739315981672, 0.0021970397779833488, N, 1.0, 4073
0.022578739315981672, 0.0021967857555786796, N, 1.0, 946
0.022578739315981672, 0.0021965317919075147, N, 1.0, 1475
0.022578739315981672, 0.0021962778869494856, N, 1.0, 4907
0.022578739315981672, 0.002196024040684235, N, 1.0, 1604
0.022578739315981672, 0.0021957702530914134, N, 1.0, 5202
0.022578739315981672, 0.002195516524150682, N, 1.0, 10561
0.022578739315981672, 0.00219526285384171, N, 1.0, 10710
0.022578739315981672, 0.0021950092421441775, N, 1.0, 5921
0.022578739315981672, 0.002194755689037773, N, 1.0, 11416
0.022578739315981672, 0.0021945021945021944, N, 1.0, 6880
0.022578739315981672, 0.00219424875851715, N, 1.0, 7081
0.022578739315981672, 0.0021939953810623555, N, 1.0, 7143
0.022578739315981672, 0.0021937420621175384, N, 1.0, 2514
0.022578739315981672, 0.0021934888016624334, N, 1.0, 7557
0.022578739315981672, 0.0021932355996767865, N, 1.0, 3399
0.022578739315981672, 0.0021929824561403508, N, 1.0, 3768
0.022578739315981672, 0.002192729371032891, N, 1.0, 3817
0.022578739315981672, 0.0021924763443341797, N, 1.0, 1227
0.022578739315981672, 0.002192223376023999, N, 1.0, 10477
0.022578739315981672, 0.0021919704660821413, N, 1.0, 2195
0.022578739315981672, 0.002191717614488407, N, 1.0, 10726
0.022578739315981672, 0.0021914648212226066, N, 1.0, 10948
0.022578739315981672, 0.00219121208626456, N, 1.0, 5984
0.022578739315981672, 0.0021909594095940958, N, 1.0, 6432
0.022578739315981672, 0.0021907067911910525, N, 1.0, 2373
0.022578739315981672, 0.002190454231035278, N, 1.0, 7471
0.022578739315981672, 0.002190201729106628, N, 1.0, 2835
0.022578739315981672, 0.00218994928538497, N, 1.0, 3184
0.022578739315981672, 0.002189696899850179, N, 1.0, 4209
0.022578739315981672, 0.0021894445724821385, N, 1.0, 4772
0.022578739315981672, 0.002189192303260744, N, 1.0, 1584
0.022578739315981672, 0.0021889400921658985, N, 1.0, 5244
0.022578739315981672, 0.002188687939177514, N, 1.0, 1994
0.022578739315981672, 0.0021884358442755126, N, 1.0, 10494
0.022578739315981672, 0.002188183807439825, N, 1.0, 5776
0.022578739315981672, 0.0021879318286503915, N, 1.0, 10916
0.022578739315981672, 0.002187679907887162, N, 1.0, 6811
0.022578739315981672, 0.0021874280451300945, N, 1.0, 2442
0.022578739315981672, 0.0021871762403591574, N, 1.0, 2964
0.022578739315981672, 0.002186924493554328, N, 1.0, 8220
0.022578739315981672, 0.002186672804695592, N, 1.0, 88
0.022578739315981672, 0.002186421173762946, N, 1.0, 8803
0.022578739315981672, 0.002186169600736394, N, 1.0, 3752
0.022578739315981672, 0.0021859180855959503, N, 1.0, 885
0.022578739315981672, 0.002185666628321638, N, 1.0, 10095
0.022578739315981672, 0.0021854152288934897, N, 1.0, 5203
0.022578739315981672, 0.002185163887291547, N, 1.0, 5322
0.022578739315981672, 0.0021849126034958603, N, 1.0, 1955
0.022578739315981672, 0.0021846613774864896, N, 1.0, 10662
0.022578739315981672, 0.0021844102092435044, N, 1.0, 5736
0.022578739315981672, 0.0021841590987469826, N, 1.0, 5865
0.022578739315981672, 0.0021839080459770113, N, 1.0, 7456
0.022578739315981672, 0.002183657050913688, N, 1.0, 7627
0.022578739315981672, 0.002183406113537118, N, 1.0, 2874
0.022578739315981672, 0.0021831552338274158, N, 1.0, 8591
0.022578739315981672, 0.002182904411764706, N, 1.0, 472
0.022578739315981672, 0.0021826536473291214, N, 1.0, 1019
0.022578739315981672, 0.002182402940500804, N, 1.0, 4425
0.022578739315981672, 0.0021821522912599057, N, 1.0, 1628
0.022578739315981672, 0.002181901699586587, N, 1.0, 10628
0.022578739315981672, 0.0021816511654610174, N, 1.0, 2197
0.022578739315981672, 0.0021814006888633756, N, 1.0, 10897
0.022578739315981672, 0.0021811502697738493, N, 1.0, 11256
0.022578739315981672, 0.0021808999081726357, N, 1.0, 2476
0.022578739315981672, 0.0021806496040399402, N, 1.0, 2638
0.022578739315981672, 0.002180399357355979, N, 1.0, 8019
0.022578739315981672, 0.002180149168100975, N, 1.0, 3053
0.022578739315981672, 0.002179899036255163, N, 1.0, 4042
0.022578739315981672, 0.002179648961798784, N, 1.0, 9592
0.022578739315981672, 0.0021793989447120897, N, 1.0, 4449
0.022578739315981672, 0.0021791489849753414, N, 1.0, 4523
0.022578739315981672, 0.0021788990825688075, N, 1.0, 10748
0.022578739315981672, 0.002178649237472767, N, 1.0, 6996
0.022578739315981672, 0.0021783994496675074, N, 1.0, 8225
0.022578739315981672, 0.0021781497191333257, N, 1.0, 349
0.022578739315981672, 0.0021779000458505273, N, 1.0, 837
0.022578739315981672, 0.002177650429799427, N, 1.0, 1055
0.022578739315981672, 0.0021774008709603485, N, 1.0, 4473
0.022578739315981672, 0.0021771513693136244, N, 1.0, 4614
0.022578739315981672, 0.0021769019248395966, N, 1.0, 1717
0.022578739315981672, 0.0021766525375186163, N, 1.0, 10880
0.022578739315981672, 0.0021764032073310425, N, 1.0, 5925
0.022578739315981672, 0.002176153934257244, N, 1.0, 8055
0.022578739315981672, 0.0021759047182775995, N, 1.0, 3451
0.022578739315981672, 0.0021756555593724952, N, 1.0, 170
0.022578739315981672, 0.0021754064575223264, N, 1.0, 3667
0.022578739315981672, 0.0021751574127074984, N, 1.0, 3919
0.022578739315981672, 0.002174908424908425, N, 1.0, 9285
0.022578739315981672, 0.0021746594941055284, N, 1.0, 4196
0.022578739315981672, 0.00217441062027924, N, 1.0, 1396
0.022578739315981672, 0.0021741618034100013, N, 1.0, 10421
0.022578739315981672, 0.002173913043478261, N, 1.0, 5473
0.022578739315981672, 0.002173664340464478, N, 1.0, 10729
0.022578739315981672, 0.002173415694349119, N, 1.0, 10989
0.022578739315981672, 0.0021731671051126614, N, 1.0, 11040
0.022578739315981672, 0.00217291857273559, N, 1.0, 6621
0.022578739315981672, 0.002172670097198399, N, 1.0, 7359
0.022578739315981672, 0.0021724216784815916, N, 1.0, 2949
0.022578739315981672, 0.00217217331656568, N, 1.0, 8275
0.022578739315981672, 0.0021719250114311845, N, 1.0, 194
0.022578739315981672, 0.0021716767630586354, N, 1.0, 3786
0.022578739315981672, 0.0021714285714285715, N, 1.0, 3997
0.022578739315981672, 0.0021711804365215403, N, 1.0, 4596
0.022578739315981672, 0.0021709323583180987, N, 1.0, 1360
0.022578739315981672, 0.002170684336798812, N, 1.0, 4840
0.022578739315981672, 0.002170436371944254, N, 1.0, 5131
0.022578739315981672, 0.0021701884637350087, N, 1.0, 5188
0.022578739315981672, 0.0021699406121516674, N, 1.0, 6016
0.022578739315981672, 0.0021696928171748317, N, 1.0, 6872
0.022578739315981672, 0.0021694450787851107, N, 1.0, 2696
0.022578739315981672, 0.0021691973969631237, N, 1.0, 2915
0.022578739315981672, 0.0021689497716894978, N, 1.0, 7978
0.022578739315981672, 0.0021687022029448695, N, 1.0, 3143
0.022578739315981672, 0.0021684546907098836, N, 1.0, 8226
0.022578739315981672, 0.0021682072349651946, N, 1.0, 8575
0.022578739315981672, 0.002167959835691465, N, 1.0, 667
0.022578739315981672, 0.002167712492869367, N, 1.0, 9378
0.022578739315981672, 0.0021674652064795803, N, 1.0, 950
0.022578739315981672, 0.002167217976502795, N, 1.0, 4355
0.022578739315981672, 0.002166970802919708, N, 1.0, 4988
0.022578739315981672, 0.0021667236857110276, N, 1.0, 10301
0.022578739315981672, 0.002166476624857469, N, 1.0, 10460
0.022578739315981672, 0.002166229620339756, N, 1.0, 2183
0.022578739315981672, 0.002165982672138623, N, 1.0, 10665
0.022578739315981672, 0.0021657357802348115, N, 1.0, 2287
0.022578739315981672, 0.002165488944609072, N, 1.0, 10976
0.022578739315981672, 0.0021652421652421654, N, 1.0, 5973
0.022578739315981672, 0.002164995442114859, N, 1.0, 11373
0.022578739315981672, 0.0021647487752079297, N, 1.0, 3108
0.022578739315981672, 0.0021645021645021645, N, 1.0, 8390
0.022578739315981672, 0.0021642556099783572, N, 1.0, 173
0.022578739315981672, 0.002164009111617312, N, 1.0, 8594
0.022578739315981672, 0.0021637626693998407, N, 1.0, 3512
0.022578739315981672, 0.0021635162833067638, N, 1.0, 8767
0.022578739315981672, 0.0021632699533189114, N, 1.0, 580
0.022578739315981672, 0.002163023679417122, N, 1.0, 9163
0.022578739315981672, 0.0021627774615822423, N, 1.0, 4254
0.022578739315981672, 0.0021625312997951285, N, 1.0, 4427
0.022578739315981672, 0.002162285194036645, N, 1.0, 1133
0.022578739315981672, 0.002162039144287665, N, 1.0, 10423
0.022578739315981672, 0.0021617931505290705, N, 1.0, 6855
0.022578739315981672, 0.002161547212741752, N, 1.0, 2737
0.0218394103798475, 0.002161301330906609, N, 1.0, 4273
0.0218394103798475, 0.0021610555050045497, N, 1.0, 5310
0.0218394103798475, 0.0021608097350164905, N, 1.0, 2055
0.0218394103798475, 0.002160564020923357, N, 1.0, 2507
0.0218394103798475, 0.002160318362706083, N, 1.0, 8577
0.0218394103798475, 0.002160072760345612, N, 1.0, 1120
0.0218394103798475, 0.0021598272138228943, N, 1.0, 1164
0.0218394103798475, 0.0021595817231188905, N, 1.0, 1275
0.0218394103798475, 0.00215933628821457, N, 1.0, 1385
0.0218394103798475, 0.002159090909090909, N, 1.0, 1432
0.0218394103798475, 0.0021588455857288946, N, 1.0, 1791
0.0218394103798475, 0.0021586003181095206, N, 1.0, 10765
0.0218394103798475, 0.0021583551062137906, N, 1.0, 10883
0.0218394103798475, 0.002158109950022717, N, 1.0, 6105
0.0218394103798475, 0.0021578648495173196, N, 1.0, 7020
0.0218394103798475, 0.0021576198046786284, N, 1.0, 7154
0.0218394103798475, 0.00215737481548768, N, 1.0, 2877
0.0218394103798475, 0.0021571298819255224, N, 1.0, 370
0.0218394103798475, 0.0021568850039732092, N, 1.0, 636
0.0218394103798475, 0.0021566401816118046, N, 1.0, 4095
0.0218394103798475, 0.002156395414822381, N, 1.0, 9752
0.0218394103798475, 0.002156150703586019, N, 1.0, 1636
0.0218394103798475, 0.002155906047883808, N, 1.0, 10320
0.0218394103798475, 0.002155661447696846, N, 1.0, 1921
0.0218394103798475, 0.0021554169030062395, N, 1.0, 10424
0.0218394103798475, 0.0021551724137931034, N, 1.0, 5351
0.0218394103798475, 0.002154927980038562, N, 1.0, 5420
0.0218394103798475, 0.002154683601723747, N, 1.0, 5834
0.0218394103798475, 0.0021544392788297993, N, 1.0, 3530
0.0218394103798475, 0.0021541950113378684, N, 1.0, 3636
0.0218394103798475, 0.0021539507992291125, N, 1.0, 9708
0.0218394103798475, 0.0021537066424846974, N, 1.0, 1706
0.0218394103798475, 0.0021534625410857986, N, 1.0, 2219
0.0218394103798475, 0.0021532184950135993, N, 1.0, 11010
0.0218394103798475, 0.002152974504249292, N, 1.0, 11318
0.0218394103798475, 0.0021527305687740767, N, 1.0, 2508
0.0218394103798475, 0.002152486688569163, N, 1.0, 8578
0.0218394103798475, 0.002152242863615768, N, 1.0, 8645
0.0218394103798475, 0.002151999093895118, N, 1.0, 8703
0.0218394103798475, 0.0021517553793884486, N, 1.0, 463
0.0218394103798475, 0.0021515117200770015, N, 1.0, 4019
0.0218394103798475, 0.002151268115942029, N, 1.0, 10048
0.0218394103798475, 0.002151024566964791, N, 1.0, 1672
0.0218394103798475, 0.0021507810731265565, N, 1.0, 1847
0.0218394103798475, 0.002150537634408602, N, 1.0, 7155
0.0218394103798475, 0.0021502942507922135, N, 1.0, 281
0.0218394103798475, 0.002150050922258685, N, 1.0, 3870
0.0218394103798475, 0.002149807648789319, N, 1.0, 4262
0.0218394103798475, 0.002149564430365426, N, 1.0, 4373
0.0218394103798475, 0.002149321266968326, N, 1.0, 5421
0.0218394103798475, 0.0021490781585793463, N, 1.0, 10906
0.0218394103798475, 0.0021488351051798236, N, 1.0, 6201
0.0218394103798475, 0.0021485921067511027, N, 1.0, 2328
0.0218394103798475, 0.0021483491632745366, N, 1.0, 4459
0.0218394103798475, 0.0021481062747314866, N, 1.0, 4602
0.0218394103798475, 0.0021478634411033234, N, 1.0, 11011
0.0218394103798475, 0.0021476206623714253, N, 1.0, 11274
0.0218394103798475, 0.002147377938517179, N, 1.0, 11319
0.0218394103798475, 0.00214713526952198, N, 1.0, 6403
0.0218394103798475, 0.0021468926553672315, N, 1.0, 8043
0.0218394103798475, 0.0021466500960343462, N, 1.0, 3659
0.0218394103798475, 0.002146407591504745, N, 1.0, 400
0.0218394103798475, 0.0021461651417598554, N, 1.0, 1122
0.0218394103798475, 0.002145922746781116, N, 1.0, 4621
0.0218394103798475, 0.0021456804065499717, N, 1.0, 11028
0.0218394103798475, 0.002145438121047877, N, 1.0, 2468
0.0218394103798475, 0.0021451958902562944, N, 1.0, 3673
0.0218394103798475, 0.0021449537141566945, N, 1.0, 479
0.0218394103798475, 0.0021447115927305566, N, 1.0, 583
0.0218394103798475, 0.002144469525959368, N, 1.0, 694
0.0218394103798475, 0.0021442275138246246, N, 1.0, 4509
0.0218394103798475, 0.002143985556307831, N, 1.0, 11050
0.0218394103798475, 0.0021437436533904997, N, 1.0, 11164
0.0218394103798475, 0.0021435018050541517, N, 1.0, 2385
0.0218394103798475, 0.002143260011280316, N, 1.0, 2683
0.0218394103798475, 0.00214301827205053, N, 1.0, 3844
0.0218394103798475, 0.0021427765873463403, N, 1.0, 713
0.0218394103798475, 0.002142534957149301, N, 1.0, 779
0.0218394103798475, 0.0021422933814409743, N, 1.0, 1421
0.0218394103798475, 0.0021420518602029313, N, 1.0, 10336
0.0218394103798475, 0.002141810393416751, N, 1.0, 11275
0.0218394103798475, 0.0021415689810640216, N, 1.0, 11320
0.0218394103798475, 0.0021413276231263384, N, 1.0, 6700
0.0218394103798475, 0.002141086319585305, N, 1.0, 3660
0.0218394103798475, 0.002140845070422535, N, 1.0, 625
0.0218394103798475, 0.0021406038756196484, N, 1.0, 9205
0.0218394103798475, 0.0021403627351582744, N, 1.0, 9227
0.0218394103798475, 0.0021401216490200495, N, 1.0, 9334
0.0218394103798475, 0.00213988061718662, N, 1.0, 1009
0.0218394103798475, 0.0021396396396396395, N, 1.0, 1065
0.0218394103798475, 0.00213939871636077, N, 1.0, 1438
0.0218394103798475, 0.002139157847331682, N, 1.0, 4871
0.0218394103798475, 0.0021389170325340537, N, 1.0, 5000
0.0218394103798475, 0.002138676271949572, N, 1.0, 11094
0.0218394103798475, 0.0021384355655599324, N, 1.0, 6180
0.0218394103798475, 0.0021381949133468378, N, 1.0, 2669
0.0218394103798475, 0.0021379543152919996, N, 1.0, 54
0.0218394103798475, 0.002137713771377138, N, 1.0, 117
0.0218394103798475, 0.00213747328158398, N, 1.0, 768
0.0218394103798475, 0.0021372328458942632, N, 1.0, 1090
0.0218394103798475, 0.002136992464289731, N, 1.0, 5948
0.0218394103798475, 0.002136752136752137, N, 1.0, 8089
0.0218394103798475, 0.0021365118632632406, N, 1.0, 20
0.0218394103798475, 0.0021362716438048123, N, 1.0, 8559
0.0218394103798475, 0.0021360314783586284, N, 1.0, 8693
0.0218394103798475, 0.002135791366906475, N, 1.0, 9019
0.0218394103798475, 0.002135551309430145, N, 1.0, 4004
0.0218394103798475, 0.0021353113059114407, N, 1.0, 880
0.0218394103798475, 0.002135071356332172, N, 1.0, 4228
0.0218394103798475, 0.0021348314606741575, N, 1.0, 4725
0.0218394103798475, 0.0021345916189192226, N, 1.0, 1539
0.0218394103798475, 0.0021343518310492026, N, 1.0, 1948
0.0218394103798475, 0.0021341120970459395, N, 1.0, 6591
0.0218394103798475, 0.0021338724168912847, N, 1.0, 2617
0.0218394103798475, 0.0021336327905670974, N, 1.0, 7929
0.0218394103798475, 0.0021333932180552435, N, 1.0, 8113
0.0218394103798475, 0.0021331536993375996, N, 1.0, 3861
0.0218394103798475, 0.0021329142343960487, N, 1.0, 9228
0.0218394103798475, 0.002132674823212482, N, 1.0, 4245
0.0218394103798475, 0.002132435465768799, N, 1.0, 9799
0.0218394103798475, 0.0021321961620469083, N, 1.0, 5219
0.0218394103798475, 0.0021319569120287255, N, 1.0, 1909
0.0218394103798475, 0.002131717715696174, N, 1.0, 10672
0.0218394103798475, 0.0021314785730311868, N, 1.0, 10834
0.0218394103798475, 0.002131239484015704, N, 1.0, 10944
0.0218394103798475, 0.0021310004486316736, N, 1.0, 5981
0.0218394103798475, 0.002130761466861052, N, 1.0, 11336
0.0218394103798475, 0.002130522538685804, N, 1.0, 8130
0.0218394103798475, 0.002130283664087902, N, 1.0, 3410
0.0218394103798475, 0.002130044843049327, N, 1.0, 238
0.0218394103798475, 0.0021298060755520682, N, 1.0, 4105
0.0218394103798475, 0.0021295673615781214, N, 1.0, 1141
0.0218394103798475, 0.0021293287011094923, N, 1.0, 4766
0.0218394103798475, 0.0021290900941281937, N, 1.0, 5426
0.0218394103798475, 0.0021288515406162464, N, 1.0, 2156
0.0218394103798475, 0.00212861304055568, N, 1.0, 5949
0.0218394103798475, 0.0021283745939285315, N, 1.0, 6003
0.0218394103798475, 0.002128136200716846, N, 1.0, 2961
0.0218394103798475, 0.0021278978609026765, N, 1.0, 8561
0.0218394103798475, 0.002127659574468085, N, 1.0, 3894
0.0218394103798475, 0.0021274213413951405, N, 1.0, 9847
0.0218394103798475, 0.00212718316166592, N, 1.0, 5498
0.0218394103798475, 0.00212694503526251, N, 1.0, 2565
0.0218394103798475, 0.0021267069621670027, N, 1.0, 7800
0.0218394103798475, 0.0021264689423615, N, 1.0, 2870
0.0218394103798475, 0.002126230975828111, N, 1.0, 8300
0.0218394103798475, 0.002125993062548954, N, 1.0, 39
0.0218394103798475, 0.0021257552025061533, N, 1.0, 628
0.0218394103798475, 0.0021255173956818436, N, 1.0, 2298
0.0218394103798475, 0.0021252796420581656, N, 1.0, 6845
0.0218394103798475, 0.002125041941617269, N, 1.0, 2421
0.0218394103798475, 0.0021248042943413105, N, 1.0, 330
0.0218394103798475, 0.0021245667002124566, N, 1.0, 9056
0.0218394103798475, 0.00212432915921288, N, 1.0, 9245
0.0218394103798475, 0.0021240916713247625, N, 1.0, 1191
0.0218394103798475, 0.002123854236530293, N, 1.0, 4708
0.0218394103798475, 0.0021236168548116685, N, 1.0, 1460
0.0218394103798475, 0.0021233795261510952, N, 1.0, 1698
0.0218394103798475, 0.0021231422505307855, N, 1.0, 5359
0.0218394103798475, 0.002122905027932961, N, 1.0, 7428
0.0218394103798475, 0.00212266785833985, N, 1.0, 7596
0.0218394103798475, 0.0021224307417336908, N, 1.0, 1049
0.0218394103798475, 0.0021221936780967273, N, 1.0, 5032
0.0218394103798475, 0.002121956667411213, N, 1.0, 5091
0.0218394103798475, 0.0021217197096594083, N, 1.0, 2227
0.0218394103798475, 0.002121482804823582, N, 1.0, 10972
0.0218394103798475, 0.002121245952886011, N, 1.0, 7623
0.0218394103798475, 0.0021210091538289796, N, 1.0, 8180
0.0218394103798475, 0.0021207724076347805, N, 1.0, 8524
0.0218394103798475, 0.002120535714285714, N, 1.0, 3767
0.0218394103798475, 0.002120299073764089, N, 1.0, 470
0.0218394103798475, 0.0021200624860522204, N, 1.0, 9155
0.0218394103798475, 0.0021198259511324333, N, 1.0, 9211
0.0218394103798475, 0.0021195894689870595, N, 1.0, 9391
0.0218394103798475, 0.0021193530395984383, N, 1.0, 1128
0.0218394103798475, 0.0021191166629489183, N, 1.0, 10626
0.0218394103798475, 0.0021188803390208544, N, 1.0, 2194
0.0218394103798475, 0.00211864406779661, N, 1.0, 10947
0.0218394103798475, 0.0021184078492585572, N, 1.0, 11100
0.0218394103798475, 0.002118171683389075, N, 1.0, 9456
0.0218394103798475, 0.0021179355701705497, N, 1.0, 9966
0.0218394103798475, 0.0021176995095853767, N, 1.0, 4962
0.0218394103798475, 0.002117463501615959, N, 1.0, 2050
0.0218394103798475, 0.0021172275462447068, N, 1.0, 2207
0.0218394103798475, 0.002116991643454039, N, 1.0, 6210
0.0218394103798475, 0.0021167557932263814, N, 1.0, 11399
0.0218394103798475, 0.0021165199955441682, N, 1.0, 6510
0.0218394103798475, 0.0021162842503898416, N, 1.0, 8750
0.0218394103798475, 0.0021160485577458514, N, 1.0, 9851
0.0218394103798475, 0.0021158129175946547, N, 1.0, 6770
0.0218394103798475, 0.0021155773299187173, N, 1.0, 7452
0.0218394103798475, 0.002115341794700512, N, 1.0, 2622
0.0218394103798475, 0.00211510631192252, N, 1.0, 471
0.0218394103798475, 0.0021148708815672307, N, 1.0, 4026
0.0218394103798475, 0.00211463550361714, N, 1.0, 854
0.0218394103798475, 0.0021144001780547517, N, 1.0, 10058
0.0218394103798475, 0.0021141649048625794, N, 1.0, 1854
0.0218394103798475, 0.002113929684023142, N, 1.0, 10627
0.0218394103798475, 0.0021136945155189675, N, 1.0, 2252
0.0218394103798475, 0.0021134593993325916, N, 1.0, 5701
0.0218394103798475, 0.0021132243354465576, N, 1.0, 2321
0.0218394103798475, 0.0021129893238434165, N, 1.0, 3052
0.0218394103798475, 0.0021127543645057265, N, 1.0, 333
0.0218394103798475, 0.0021125194574160553, N, 1.0, 8779
0.0218394103798475, 0.002112284602556976, N, 1.0, 434
0.0218394103798475, 0.002112049799911072, N, 1.0, 4109
0.0218394103798475, 0.0021118150494609314, N, 1.0, 4160
0.0218394103798475, 0.0021115803511891533, N, 1.0, 2052
0.0218394103798475, 0.002111345705078342, N, 1.0, 10602
0.0218394103798475, 0.002111111111111111, N, 1.0, 5955
0.0218394103798475, 0.002110876569270081, N, 1.0, 6212
0.0218394103798475, 0.0021106420795378804, N, 1.0, 11222
0.0218394103798475, 0.0021104076418971456, N, 1.0, 2548
0.0218394103798475, 0.0021101732563305197, N, 1.0, 147
0.0218394103798475, 0.0021099389228206554, N, 1.0, 348
0.0218394103798475, 0.002109704641350211, N, 1.0, 836
0.0218394103798475, 0.002109470411901854, N, 1.0, 9543
0.0218394103798475, 0.0021092362344582592, N, 1.0, 1269
0.0218394103798475, 0.002109002109002109, N, 1.0, 2133
0.0218394103798475, 0.002108768035516093, N, 1.0, 6661
0.0218394103798475, 0.00210853401398291, N, 1.0, 3105
0.0218394103798475, 0.002108300044385264, N, 1.0, 108
0.0218394103798475, 0.0021080661267058693, N, 1.0, 169
0.0218394103798475, 0.0021078322609274463, N, 1.0, 855
0.0218394103798475, 0.0021075984470327234, N, 1.0, 1570
0.0218394103798475, 0.0021073646850044364, N, 1.0, 5416
0.0218394103798475, 0.00210713097482533, N, 1.0, 10677
0.0218394103798475, 0.002106897316478155, N, 1.0, 6731
0.0218394103798475, 0.0021066637099456703, N, 1.0, 2838
0.0218394103798475, 0.0021064301552106432, N, 1.0, 243
0.0218394103798475, 0.0021061966522558473, N, 1.0, 983
0.0218394103798475, 0.0021059632010640658, N, 1.0, 1519
0.0218394103798475, 0.002105729801618087, N, 1.0, 2053
0.0218394103798475, 0.0021054964539007092, N, 1.0, 11171
0.0218394103798475, 0.002105263157894737, N, 1.0, 6330
0.0218394103798475, 0.0021050299135829823, N, 1.0, 6398
0.0218394103798475, 0.0021047967209482663, N, 1.0, 2443
0.0218394103798475, 0.002104563579973416, N, 1.0, 7918
0.0218394103798475, 0.002104330490641267, N, 1.0, 3488
0.0218394103798475, 0.002104097452934662, N, 1.0, 301
0.0218394103798475, 0.0021038644668364523, N, 1.0, 4987
0.0218394103798475, 0.002103631532329495, N, 1.0, 5206
0.0218394103798475, 0.0021033986493966565, N, 1.0, 1956
0.0218394103798475, 0.00210316581802081, N, 1.0, 6171
0.0218394103798475, 0.0021029330381848368, N, 1.0, 7085
0.0218394103798475, 0.0021027003098716248, N, 1.0, 2463
0.0218394103798475, 0.00210246763306407, N, 1.0, 418
0.0218394103798475, 0.0021022350077450763, N, 1.0, 523
0.0218394103798475, 0.002102002433897555, N, 1.0, 9817
0.0218394103798475, 0.0021017699115044247, N, 1.0, 10008
0.0218394103798475, 0.002101537440548612, N, 1.0, 10269
0.0218394103798475, 0.00210130502101305, N, 1.0, 3528
0.0218394103798475, 0.002101072652880681, N, 1.0, 244
0.0218394103798475, 0.0021008403361344537, N, 1.0, 8845
0.0218394103798475, 0.0021006080707573244, N, 1.0, 1151
0.0218394103798475, 0.0021003758567322574, N, 1.0, 1412
0.0218394103798475, 0.002100143694042224, N, 1.0, 11066
0.0218394103798475, 0.002099911582670203, N, 1.0, 8292
0.0218394103798475, 0.0020996795225991824, N, 1.0, 212
0.0218394103798475, 0.0020994475138121547, N, 1.0, 3553
0.0218394103798475, 0.0020992155562921224, N, 1.0, 8807
0.0218394103798475, 0.0020989836500220948, N, 1.0, 3855
0.0218394103798475, 0.002098751794985088, N, 1.0, 9031
0.0218394103798475, 0.0020985199911641265, N, 1.0, 4076
0.0218394103798475, 0.0020982882385422418, N, 1.0, 1957
0.0218394103798475, 0.0020980565371024737, N, 1.0, 5454
0.0218394103798475, 0.002097824886827868, N, 1.0, 11089
0.0218394103798475, 0.0020975932877014794, N, 1.0, 2464
0.0218394103798475, 0.0020973617397063694, N, 1.0, 2518
0.0218394103798475, 0.0020971302428256073, N, 1.0, 9348
0.0218394103798475, 0.0020968987970422692, N, 1.0, 5419
0.0218394103798475, 0.0020966674023394395, N, 1.0, 10585
0.0218394103798475, 0.0020964360587002098, N, 1.0, 7477
0.0218394103798475, 0.0020962047661076785, N, 1.0, 2678
0.0218394103798475, 0.002095973524544953, N, 1.0, 8022
0.0218394103798475, 0.002095742333995147, N, 1.0, 3189
0.0218394103798475, 0.002095511194441381, N, 1.0, 8487
0.0218394103798475, 0.0020952801058667842, N, 1.0, 3418
0.0218394103798475, 0.0020950490682544935, N, 1.0, 245
0.0218394103798475, 0.0020948180815876516, N, 1.0, 8740
0.0218394103798475, 0.0020945871458494104, N, 1.0, 383
0.021100081443713326, 0.0020943562610229276, N, 1.0, 3200
0.021100081443713326, 0.00209412542709137, N, 1.0, 515
0.021100081443713326, 0.0020938946440379105, N, 1.0, 3976
0.021100081443713326, 0.00209366391184573, N, 1.0, 8078
0.021100081443713326, 0.002093433230498017, N, 1.0, 1558
0.021100081443713326, 0.0020932025999779664, N, 1.0, 2270
0.021100081443713326, 0.0020929720202687817, N, 1.0, 8837
0.021100081443713326, 0.0020927414913536734, N, 1.0, 9654
0.021100081443713326, 0.002092511013215859, N, 1.0, 11293
0.021100081443713326, 0.002092280585838564, N, 1.0, 6266
0.021100081443713326, 0.0020920502092050207, N, 1.0, 9252
0.021100081443713326, 0.0020918198832984695, N, 1.0, 10958
0.021100081443713326, 0.0020915896081021576, N, 1.0, 1751
0.021100081443713326, 0.0020913593835993395, N, 1.0, 7040
0.021100081443713326, 0.0020911292097732775, N, 1.0, 612
0.021100081443713326, 0.002090899086607241, N, 1.0, 4185
0.021100081443713326, 0.002090669014084507, N, 1.0, 3550
0.021100081443713326, 0.0020904389921883597, N, 1.0, 9545
0.021100081443713326, 0.0020902090209020904, N, 1.0, 5440
0.021100081443713326, 0.002089979100208998, N, 1.0, 9124
0.021100081443713326, 0.002089749230092389, N, 1.0, 10671
0.021100081443713326, 0.0020895194105355766, N, 1.0, 4241
0.021100081443713326, 0.0020892896415218827, N, 1.0, 10259
0.021100081443713326, 0.0020890599230346343, N, 1.0, 3594
0.015545378834743896, 0.002088830255057168, N, 1.0, 4114
0.015545378834743896, 0.002088600637572826, N, 1.0, 4841
0.015545378834743896, 0.002088371070564959, N, 1.0, 10124
0.015545378834743896, 0.0020881415540169247, N, 1.0, 1831
0.015545378834743896, 0.002087912087912088, N, 1.0, 5492
0.015545378834743896, 0.0020876826722338203, N, 1.0, 10750
0.015545378834743896, 0.002087453306965502, N, 1.0, 5847
0.015545378834743896, 0.0020872239920905196, N, 1.0, 7664
0.015545378834743896, 0.0020869947275922673, N, 1.0, 2750
0.015545378834743896, 0.002086765513454146, N, 1.0, 3602
0.015545378834743896, 0.002086536349659565, N, 1.0, 8872
0.015545378834743896, 0.00208630723619194, N, 1.0, 8975
0.015545378834743896, 0.002086078173034695, N, 1.0, 1325
0.015545378834743896, 0.0020858491601712594, N, 1.0, 2072
0.015545378834743896, 0.0020856201975850714, N, 1.0, 5626
0.015545378834743896, 0.002085391285259576, N, 1.0, 5927
0.015545378834743896, 0.0020851624231782266, N, 1.0, 6605
0.015545378834743896, 0.0020849336113244817, N, 1.0, 6713
0.015545378834743896, 0.002084704849681808, N, 1.0, 2465
0.015545378834743896, 0.0020844761382336806, N, 1.0, 7683
0.015545378834743896, 0.0020842474769635806, N, 1.0, 8125
0.015545378834743896, 0.002084018865854996, N, 1.0, 581
0.015545378834743896, 0.0020837903048914236, N, 1.0, 3984
0.015545378834743896, 0.0020835617940563656, N, 1.0, 9397
0.015545378834743896, 0.0020833333333333333, N, 1.0, 1181
0.015545378834743896, 0.0020831049227058437, N, 1.0, 1574
0.015545378834743896, 0.0020828765621574217, N, 1.0, 6797
0.015545378834743896, 0.0020826482516715992, N, 1.0, 3737
0.015545378834743896, 0.002082419991231916, N, 1.0, 9648
0.015545378834743896, 0.0020821917808219177, N, 1.0, 10500
0.015545378834743896, 0.0020819636204251588, N, 1.0, 2700
0.015545378834743896, 0.0020817355100252, N, 1.0, 2974
0.015545378834743896, 0.002081507449605609, N, 1.0, 3214
0.015545378834743896, 0.0020812794391499617, N, 1.0, 9201
0.015545378834743896, 0.00208105147864184, N, 1.0, 4358
0.015545378834743896, 0.002080823568064834, N, 1.0, 5047
0.015545378834743896, 0.0020805957074025404, N, 1.0, 8539
0.015545378834743896, 0.0020803678966385634, N, 1.0, 3516
0.015545378834743896, 0.002080140135756514, N, 1.0, 4759
0.015545378834743896, 0.002079912424740011, N, 1.0, 10223
0.015545378834743896, 0.0020796847635726795, N, 1.0, 2955
0.015545378834743896, 0.0020794571522381525, N, 1.0, 3473
0.015545378834743896, 0.0020792295907200702, N, 1.0, 9603
0.015545378834743896, 0.002079002079002079, N, 1.0, 6937
0.015545378834743896, 0.0020787746170678337, N, 1.0, 3605
0.015545378834743896, 0.0020785472049009955, N, 1.0, 9331
0.015545378834743896, 0.002078319842485233, N, 1.0, 954
0.015545378834743896, 0.002078092529804222, N, 1.0, 4921
0.015545378834743896, 0.0020778652668416446, N, 1.0, 2521
0.015545378834743896, 0.0020776380535811917, N, 1.0, 179
0.015545378834743896, 0.0020774108900065602, N, 1.0, 1641
0.015545378834743896, 0.002077183776101454, N, 1.0, 2259
0.015545378834743896, 0.0020769567118495845, N, 1.0, 5837
0.015545378834743896, 0.0020767296972346704, N, 1.0, 7247
0.015545378834743896, 0.002076502732240437, N, 1.0, 2784
0.015545378834743896, 0.0020762758168506174, N, 1.0, 8153
0.015545378834743896, 0.002076048951048951, N, 1.0, 8211
0.015545378834743896, 0.002075822134819185, N, 1.0, 602
0.015545378834743896, 0.002075595368145073, N, 1.0, 3950
0.015545378834743896, 0.002075368651010377, N, 1.0, 4003
0.015545378834743896, 0.002075141983398864, N, 1.0, 4227
0.015545378834743896, 0.0020749153652943105, N, 1.0, 1535
0.015545378834743896, 0.002074688796680498, N, 1.0, 1708
0.015545378834743896, 0.002074462277541216, N, 1.0, 5854
0.015545378834743896, 0.002074235807860262, N, 1.0, 6022
0.015545378834743896, 0.0020740093876214388, N, 1.0, 7390
0.015545378834743896, 0.002073783016808557, N, 1.0, 2452
0.015545378834743896, 0.002073556695405435, N, 1.0, 7548
0.015545378834743896, 0.002073330423395897, N, 1.0, 2616
0.015545378834743896, 0.002073104200763775, N, 1.0, 3219
0.015545378834743896, 0.0020728780274929088, N, 1.0, 3270
0.015545378834743896, 0.002072651903567143, N, 1.0, 8708
0.015545378834743896, 0.0020724258289703318, N, 1.0, 955
0.015545378834743896, 0.0020721998036863343, N, 1.0, 4296
0.015545378834743896, 0.0020719738276990187, N, 1.0, 5882
0.015545378834743896, 0.0020717479009922583, N, 1.0, 2999
0.015545378834743896, 0.0020715220235499347, N, 1.0, 1185
0.015545378834743896, 0.002071296195355936, N, 1.0, 4822
0.015545378834743896, 0.0020710704163941574, N, 1.0, 10323
0.015545378834743896, 0.002070844686648501, N, 1.0, 5296
0.015545378834743896, 0.002070619006102877, N, 1.0, 2204
0.015545378834743896, 0.002070393374741201, N, 1.0, 7485
0.015545378834743896, 0.002070167792547396, N, 1.0, 7712
0.015545378834743896, 0.002069942259505393, N, 1.0, 8028
0.015545378834743896, 0.0020697167755991284, N, 1.0, 657
0.015545378834743896, 0.0020694913408125476, N, 1.0, 4050
0.015545378834743896, 0.0020692659551296015, N, 1.0, 4175
0.015545378834743896, 0.002069040618534248, N, 1.0, 9983
0.015545378834743896, 0.002068815331010453, N, 1.0, 1595
0.015545378834743896, 0.0020685900925421882, N, 1.0, 1659
0.015545378834743896, 0.0020683649031134335, N, 1.0, 10923
0.015545378834743896, 0.0020681397627081745, N, 1.0, 6157
0.015545378834743896, 0.002067914671310405, N, 1.0, 163
0.015545378834743896, 0.0020676896289041247, N, 1.0, 8813
0.015545378834743896, 0.0020674646354733404, N, 1.0, 9564
0.015545378834743896, 0.0020672396910020674, N, 1.0, 1222
0.015545378834743896, 0.0020670147954743256, N, 1.0, 9870
0.015545378834743896, 0.002066789948874143, N, 1.0, 10211
0.015545378834743896, 0.0020665651511855556, N, 1.0, 10474
0.015545378834743896, 0.0020663404023926048, N, 1.0, 10525
0.015545378834743896, 0.002066115702479339, N, 1.0, 2724
0.015545378834743896, 0.0020658910514298142, N, 1.0, 2941
0.015545378834743896, 0.002065666449228093, N, 1.0, 3233
0.015545378834743896, 0.0020654418958582456, N, 1.0, 430
0.015545378834743896, 0.0020652173913043477, N, 1.0, 3934
0.015545378834743896, 0.0020649929355504837, N, 1.0, 9403
0.015545378834743896, 0.0020647685285807432, N, 1.0, 9833
0.015545378834743896, 0.0020645441703792244, N, 1.0, 1990
0.015545378834743896, 0.0020643198609300306, N, 1.0, 11352
0.015545378834743896, 0.002064095600217273, N, 1.0, 2494
0.015545378834743896, 0.0020638713882250707, N, 1.0, 2686
0.015545378834743896, 0.0020636472249375474, N, 1.0, 3251
0.015545378834743896, 0.0020634231103388357, N, 1.0, 8858
0.015545378834743896, 0.0020631990444130743, N, 1.0, 1048
0.015545378834743896, 0.002062975027144408, N, 1.0, 3397
0.015545378834743896, 0.0020627510585169906, N, 1.0, 3610
0.015545378834743896, 0.0020625271385149805, N, 1.0, 3766
0.015545378834743896, 0.0020623032671225443, N, 1.0, 1172
0.015545378834743896, 0.002062079444323855, N, 1.0, 9738
0.015545378834743896, 0.002061855670103093, N, 1.0, 10055
0.015545378834743896, 0.0020616319444444445, N, 1.0, 4926
0.015545378834743896, 0.0020614082673321038, N, 1.0, 1623
0.015545378834743896, 0.002061184638750271, N, 1.0, 11290
0.015545378834743896, 0.0020609610586831543, N, 1.0, 7162
0.015545378834743896, 0.0020607375271149675, N, 1.0, 7526
0.015545378834743896, 0.002060514044029932, N, 1.0, 8547
0.015545378834743896, 0.002060290609412275, N, 1.0, 4107
0.015545378834743896, 0.0020600672232462323, N, 1.0, 9360
0.015545378834743896, 0.002059843885516045, N, 1.0, 1253
0.015545378834743896, 0.002059620596205962, N, 1.0, 5482
0.015545378834743896, 0.0020593973553002386, N, 1.0, 10689
0.015545378834743896, 0.0020591741627831363, N, 1.0, 6688
0.015545378834743896, 0.002058951018638925, N, 1.0, 2334
0.015545378834743896, 0.0020587279228518798, N, 1.0, 3014
0.015545378834743896, 0.002058504875406284, N, 1.0, 145
0.015545378834743896, 0.002058281876286426, N, 1.0, 3539
0.015545378834743896, 0.002058058925476603, N, 1.0, 4059
0.015545378834743896, 0.0020578360229611178, N, 1.0, 9849
0.015545378834743896, 0.00205761316872428, N, 1.0, 7801
0.015545378834743896, 0.002057390362750406, N, 1.0, 8379
0.015545378834743896, 0.00205716760502382, N, 1.0, 1624
0.015545378834743896, 0.0020569448955288514, N, 1.0, 10153
0.015545378834743896, 0.002056722234249838, N, 1.0, 5055
0.015545378834743896, 0.0020564996211711226, N, 1.0, 1684
0.015545378834743896, 0.0020562770562770564, N, 1.0, 5518
0.015545378834743896, 0.0020560545395519967, N, 1.0, 5829
0.015545378834743896, 0.002055832070980307, N, 1.0, 6616
0.015545378834743896, 0.0020556096505463593, N, 1.0, 6846
0.015545378834743896, 0.0020553872782345306, N, 1.0, 2474
0.015545378834743896, 0.002055164954029205, N, 1.0, 7641
0.015545378834743896, 0.002054942677914774, N, 1.0, 3628
0.015545378834743896, 0.0020547204498756353, N, 1.0, 5242
0.015545378834743896, 0.0020544982698961936, N, 1.0, 10644
0.015545378834743896, 0.0020542761379608605, N, 1.0, 6146
0.015545378834743896, 0.0020540540540540542, N, 1.0, 6928
0.015545378834743896, 0.002053832018160199, N, 1.0, 2788
0.015545378834743896, 0.002053610030263727, N, 1.0, 3072
0.015545378834743896, 0.002053388090349076, N, 1.0, 3382
0.015545378834743896, 0.0020531661984006916, N, 1.0, 5143
0.015545378834743896, 0.0020529443544030253, N, 1.0, 7272
0.015545378834743896, 0.002052722558340536, N, 1.0, 223
0.015545378834743896, 0.002052500810197688, N, 1.0, 5056
0.015545378834743896, 0.0020522791099589544, N, 1.0, 5113
0.015545378834743896, 0.002052057457608813, N, 1.0, 1973
0.015545378834743896, 0.0020518358531317494, N, 1.0, 9528
0.015545378834743896, 0.0020516142965122555, N, 1.0, 9903
0.015545378834743896, 0.0020513927877348305, N, 1.0, 5020
0.015545378834743896, 0.0020511713267839793, N, 1.0, 10380
0.015545378834743896, 0.0020509499136442144, N, 1.0, 10645
0.015545378834743896, 0.002050728548300054, N, 1.0, 498
0.015545378834743896, 0.002050507230736024, N, 1.0, 1051
0.015545378834743896, 0.002050285960936657, N, 1.0, 2017
0.015545378834743896, 0.0020500647388864914, N, 1.0, 10616
0.015545378834743896, 0.002049843564570072, N, 1.0, 2709
0.015545378834743896, 0.0020496224379719526, N, 1.0, 7804
0.015545378834743896, 0.002049401359076691, N, 1.0, 10843
0.015545378834743896, 0.0020491803278688526, N, 1.0, 11103
0.015545378834743896, 0.00204895934433301, N, 1.0, 7411
0.015545378834743896, 0.002048738408453742, N, 1.0, 8272
0.015545378834743896, 0.0020485175202156333, N, 1.0, 288
0.015545378834743896, 0.002048296679603277, N, 1.0, 9123
0.015545378834743896, 0.002048075886601272, N, 1.0, 9763
0.015545378834743896, 0.002047855141194223, N, 1.0, 1358
0.015545378834743896, 0.002047634443366742, N, 1.0, 5021
0.015545378834743896, 0.0020474137931034485, N, 1.0, 666
0.015545378834743896, 0.002047193190388967, N, 1.0, 5149
0.015545378834743896, 0.0020469726352079294, N, 1.0, 2286
0.015545378834743896, 0.002046752127544975, N, 1.0, 3039
0.015545378834743896, 0.002046531667384748, N, 1.0, 633
0.015545378834743896, 0.0020463112547119008, N, 1.0, 806
0.015545378834743896, 0.002046090889511092, N, 1.0, 4252
0.015545378834743896, 0.002045870571766986, N, 1.0, 4426
0.015545378834743896, 0.002045650301464255, N, 1.0, 4570
0.015545378834743896, 0.0020454300785875765, N, 1.0, 2035
0.015545378834743896, 0.002045209903121636, N, 1.0, 5755
0.015545378834743896, 0.002044989775051125, N, 1.0, 5895
0.015545378834743896, 0.0020447696943607404, N, 1.0, 8205
0.015545378834743896, 0.0020445496610351876, N, 1.0, 4714
0.015545378834743896, 0.002044329675059178, N, 1.0, 10080
0.015545378834743896, 0.002044109736417429, N, 1.0, 5544
0.015545378834743896, 0.0020438898450946645, N, 1.0, 10963
0.015545378834743896, 0.0020436700010756158, N, 1.0, 6214
0.015545378834743896, 0.0020434502043450205, N, 1.0, 2446
0.015545378834743896, 0.0020432304548876224, N, 1.0, 155
0.015545378834743896, 0.0020430107526881723, N, 1.0, 3601
0.015545378834743896, 0.0020427910977314266, N, 1.0, 839
0.015545378834743896, 0.00204257149000215, N, 1.0, 4550
0.015545378834743896, 0.002042351929485112, N, 1.0, 1481
0.015545378834743896, 0.00204213241616509, N, 1.0, 1611
0.015545378834743896, 0.0020419129500268674, N, 1.0, 5681
0.015545378834743896, 0.002041693531055233, N, 1.0, 7398
0.015545378834743896, 0.0020414741592349843, N, 1.0, 8252
0.015545378834743896, 0.0020412548345509238, N, 1.0, 3619
0.015545378834743896, 0.0020410355569878613, N, 1.0, 3771
0.015545378834743896, 0.0020408163265306124, N, 1.0, 1238
0.015545378834743896, 0.0020405971431639996, N, 1.0, 10785
0.015545378834743896, 0.0020403780068728524, N, 1.0, 2599
0.015545378834743896, 0.0020401589176420056, N, 1.0, 2781
0.015545378834743896, 0.0020399398754563022, N, 1.0, 8144
0.014806049898609723, 0.0020397208803005903, N, 1.0, 4332
0.014806049898609723, 0.0020395019321597253, N, 1.0, 5189
0.014806049898609723, 0.002039283031018568, N, 1.0, 10809
0.014806049898609723, 0.0020390641768619874, N, 1.0, 11173
0.014806049898609723, 0.0020388453696748576, N, 1.0, 6400
0.014806049898609723, 0.00203862660944206, N, 1.0, 11362
0.014806049898609723, 0.002038407896148482, N, 1.0, 6757
0.014806049898609723, 0.0020381892297790176, N, 1.0, 7064
0.014806049898609723, 0.002037970610318567, N, 1.0, 2797
0.014806049898609723, 0.002037752037752038, N, 1.0, 3081
0.014806049898609723, 0.002037533512064343, N, 1.0, 8928
0.014806049898609723, 0.002037315033240403, N, 1.0, 4413
0.014806049898609723, 0.0020370966012651444, N, 1.0, 10047
0.014806049898609723, 0.002036878216123499, N, 1.0, 1668
0.014806049898609723, 0.002036659877800407, N, 1.0, 1723
0.014806049898609723, 0.0020364415862808146, N, 1.0, 10407
0.014806049898609723, 0.0020362233415496733, N, 1.0, 10567
0.014806049898609723, 0.0020360051435919417, N, 1.0, 6355
0.014806049898609723, 0.0020357869923925856, N, 1.0, 7460
0.014806049898609723, 0.002035568887936576, N, 1.0, 2519
0.014806049898609723, 0.0020353508302088912, N, 1.0, 7563
0.014806049898609723, 0.002035132819194516, N, 1.0, 3042
0.014806049898609723, 0.0020349148548784407, N, 1.0, 280
0.014806049898609723, 0.002034696937245663, N, 1.0, 8823
0.014806049898609723, 0.0020344790662811863, N, 1.0, 3869
0.014806049898609723, 0.0020342612419700216, N, 1.0, 968
0.014806049898609723, 0.0020340434642971846, N, 1.0, 9885
0.014806049898609723, 0.0020338257332476986, N, 1.0, 1692
0.014806049898609723, 0.002033608048806593, N, 1.0, 10221
0.014806049898609723, 0.002033390410958904, N, 1.0, 5647
0.014806049898609723, 0.0020331728196896735, N, 1.0, 11043
0.014806049898609723, 0.0020329552749839505, N, 1.0, 11390
0.014806049898609723, 0.0020327377768267893, N, 1.0, 6682
0.014806049898609723, 0.0020325203252032522, N, 1.0, 6917
0.014806049898609723, 0.002032302920098406, N, 1.0, 2536
0.014806049898609723, 0.0020320855614973264, N, 1.0, 2782
0.014806049898609723, 0.0020318682493850925, N, 1.0, 198
0.014806049898609723, 0.0020316509837467922, N, 1.0, 292
0.014806049898609723, 0.0020314337645675183, N, 1.0, 8742
0.014806049898609723, 0.002031216591832371, N, 1.0, 776
0.014806049898609723, 0.0020309994655264563, N, 1.0, 9368
0.014806049898609723, 0.0020307823856348865, N, 1.0, 4275
0.014806049898609723, 0.002030565352142781, N, 1.0, 4661
0.014806049898609723, 0.002030348365035264, N, 1.0, 1362
0.014806049898609723, 0.0020301314242974675, N, 1.0, 1589
0.014806049898609723, 0.00202991452991453, N, 1.0, 1832
0.014806049898609723, 0.002029697681871595, N, 1.0, 1878
0.014806049898609723, 0.0020294808801538133, N, 1.0, 2056
0.014806049898609723, 0.002029264124746342, N, 1.0, 10606
0.014806049898609723, 0.002029047415634344, N, 1.0, 6154
0.014806049898609723, 0.0020288307528029898, N, 1.0, 6518
0.014806049898609723, 0.0020286141362374547, N, 1.0, 7134
0.014806049898609723, 0.002028397565922921, N, 1.0, 2553
0.014806049898609723, 0.0020281810418445773, N, 1.0, 7546
0.014806049898609723, 0.002027964563987619, N, 1.0, 507
0.014806049898609723, 0.0020277481323372464, N, 1.0, 793
0.014806049898609723, 0.0020275317468786682, N, 1.0, 953
0.014806049898609723, 0.0020273154075970976, N, 1.0, 9552
0.014806049898609723, 0.002027099114477755, N, 1.0, 9619
0.014806049898609723, 0.0020268828675058673, N, 1.0, 4479
0.014806049898609723, 0.0020266666666666666, N, 1.0, 9998
0.014806049898609723, 0.0020264505119453923, N, 1.0, 1486
0.014806049898609723, 0.00202623440332729, N, 1.0, 4918
0.014806049898609723, 0.0020260183407976116, N, 1.0, 1554
0.014806049898609723, 0.002025802324341614, N, 1.0, 1792
0.014806049898609723, 0.0020255863539445627, N, 1.0, 1905
0.014806049898609723, 0.002025370429591728, N, 1.0, 1961
0.014806049898609723, 0.0020251545512683863, N, 1.0, 10520
0.014806049898609723, 0.002024938718959821, N, 1.0, 5461
0.014806049898609723, 0.0020247229326513213, N, 1.0, 5978
0.014806049898609723, 0.0020245071923281834, N, 1.0, 11027
0.014806049898609723, 0.0020242914979757085, N, 1.0, 11190
0.014806049898609723, 0.0020240758495792053, N, 1.0, 6357
0.014806049898609723, 0.002023860247123988, N, 1.0, 6839
0.014806049898609723, 0.0020236446905953775, N, 1.0, 6889
0.014806049898609723, 0.0020234291799787005, N, 1.0, 7282
0.014806049898609723, 0.002023213715259291, N, 1.0, 2360
0.014806049898609723, 0.002022998296422487, N, 1.0, 2823
0.014806049898609723, 0.0020227829234536355, N, 1.0, 2937
0.014806049898609723, 0.002022567596338088, N, 1.0, 8008
0.014806049898609723, 0.0020223523150612027, N, 1.0, 8126
0.014806049898609723, 0.002022137079608344, N, 1.0, 3622
0.014806049898609723, 0.0020219218899648825, N, 1.0, 3773
0.014806049898609723, 0.0020217067461161947, N, 1.0, 582
0.014806049898609723, 0.002021491648047665, N, 1.0, 9293
0.014806049898609723, 0.002021276595744681, N, 1.0, 9753
0.014806049898609723, 0.002021061589192639, N, 1.0, 4644
0.014806049898609723, 0.002020846628376941, N, 1.0, 9824
0.014806049898609723, 0.002020631713282995, N, 1.0, 1399
0.014806049898609723, 0.0020204168438962143, N, 1.0, 1861
0.014806049898609723, 0.00202020202020202, N, 1.0, 10634
0.014806049898609723, 0.0020199872421858387, N, 1.0, 6625
0.014806049898609723, 0.002019772509833103, N, 1.0, 6858
0.014806049898609723, 0.0020195578231292518, N, 1.0, 7480
0.014806049898609723, 0.00201934318205973, N, 1.0, 7773
0.014806049898609723, 0.0020191285866099896, N, 1.0, 8631
0.014806049898609723, 0.002018914036765487, N, 1.0, 9181
0.014806049898609723, 0.002018699532511687, N, 1.0, 4226
0.014806049898609723, 0.002018485073834059, N, 1.0, 4276
0.014806049898609723, 0.0020182706607180796, N, 1.0, 9534
0.014806049898609723, 0.00201805629314923, N, 1.0, 4721
0.014806049898609723, 0.0020178419711129993, N, 1.0, 1590
0.014806049898609723, 0.0020176276945948817, N, 1.0, 1707
0.014806049898609723, 0.002017413463580378, N, 1.0, 5438
0.014806049898609723, 0.002017199278054995, N, 1.0, 10653
0.014806049898609723, 0.0020169851380042463, N, 1.0, 11175
0.014806049898609723, 0.0020167710434136504, N, 1.0, 11365
0.014806049898609723, 0.002016556994268733, N, 1.0, 6647
0.014806049898609723, 0.002016342990555025, N, 1.0, 2450
0.014806049898609723, 0.0020161290322580645, N, 1.0, 7666
0.014806049898609723, 0.002015915119363395, N, 1.0, 3086
0.014806049898609723, 0.002015701251856567, N, 1.0, 3266
0.014806049898609723, 0.002015487429723136, N, 1.0, 36
0.014806049898609723, 0.0020152736529486636, N, 1.0, 509
0.014806049898609723, 0.002015059921518719, N, 1.0, 738
0.014806049898609723, 0.002014846235418876, N, 1.0, 9277
0.014806049898609723, 0.0020146325946347153, N, 1.0, 4743
0.014806049898609723, 0.0020144189991518234, N, 1.0, 1437
0.014806049898609723, 0.0020142054489557934, N, 1.0, 1488
0.014806049898609723, 0.002013991944032224, N, 1.0, 10147
0.014806049898609723, 0.00201377848436672, N, 1.0, 10206
0.014806049898609723, 0.002013565069944892, N, 1.0, 1725
0.014806049898609723, 0.0020133517007523576, N, 1.0, 10306
0.014806049898609723, 0.0020131383767747406, N, 1.0, 11287
0.014806049898609723, 0.002012925097997669, N, 1.0, 11334
0.014806049898609723, 0.0020127118644067796, N, 1.0, 11425
0.014806049898609723, 0.002012498675987713, N, 1.0, 7156
0.014806049898609723, 0.0020122855327261175, N, 1.0, 2313
0.014806049898609723, 0.002012072434607646, N, 1.0, 2418
0.014806049898609723, 0.0020118593816179585, N, 1.0, 7815
0.014806049898609723, 0.002011646373742721, N, 1.0, 8071
0.014806049898609723, 0.0020114334109676054, N, 1.0, 3517
0.014806049898609723, 0.0020112204932782895, N, 1.0, 282
0.014806049898609723, 0.002011007620660457, N, 1.0, 3726
0.014806049898609723, 0.0020107947930997987, N, 1.0, 915
0.014806049898609723, 0.0020105820105820104, N, 1.0, 4646
0.014806049898609723, 0.0020103692730927946, N, 1.0, 4703
0.014806049898609723, 0.002010156580617859, N, 1.0, 9891
0.014806049898609723, 0.0020099439331429177, N, 1.0, 9957
0.014806049898609723, 0.0020097313306536918, N, 1.0, 1454
0.014806049898609723, 0.002009518773135907, N, 1.0, 1507
0.014806049898609723, 0.002009306260575296, N, 1.0, 10488
0.014806049898609723, 0.0020090937929575976, N, 1.0, 6982
0.014806049898609723, 0.0020088813702685555, N, 1.0, 3063
0.014806049898609723, 0.002008668992493921, N, 1.0, 8854
0.014806049898609723, 0.0020084566596194502, N, 1.0, 445
0.014806049898609723, 0.002008244371630906, N, 1.0, 9070
0.014806049898609723, 0.002008032128514056, N, 1.0, 4049
0.014806049898609723, 0.002007819930254676, N, 1.0, 9712
0.014806049898609723, 0.002007607776838546, N, 1.0, 1774
0.014806049898609723, 0.002007395668251453, N, 1.0, 5965
0.014806049898609723, 0.0020071836044791885, N, 1.0, 11013
0.014806049898609723, 0.0020069715855075524, N, 1.0, 6291
0.014806049898609723, 0.002006759611322349, N, 1.0, 7733
0.014806049898609723, 0.0020065476819093883, N, 1.0, 2868
0.014806049898609723, 0.002006335797254488, N, 1.0, 7983
0.014806049898609723, 0.0020061239573434695, N, 1.0, 3153
0.014806049898609723, 0.002005912162162162, N, 1.0, 162
0.014806049898609723, 0.0020057004116964, N, 1.0, 3497
0.014806049898609723, 0.0020054887059320244, N, 1.0, 3810
0.014806049898609723, 0.0020052770448548813, N, 1.0, 510
0.014806049898609723, 0.0020050654284508233, N, 1.0, 3908
0.014806049898609723, 0.0020048538567057086, N, 1.0, 1170
0.014806049898609723, 0.002004642329605402, N, 1.0, 4799
0.014806049898609723, 0.0020044308471357736, N, 1.0, 1907
0.014806049898609723, 0.0020042194092827004, N, 1.0, 1964
0.014806049898609723, 0.002004008016032064, N, 1.0, 10471
0.014806049898609723, 0.002003796667369753, N, 1.0, 5930
0.014806049898609723, 0.002003585363281662, N, 1.0, 2771
0.014806049898609723, 0.0020033741037536906, N, 1.0, 2880
0.014806049898609723, 0.0020031628887717447, N, 1.0, 8072
0.014806049898609723, 0.0020029517183217374, N, 1.0, 8129
0.014806049898609723, 0.0020027405923895856, N, 1.0, 3232
0.014806049898609723, 0.002002529510961214, N, 1.0, 3625
0.014806049898609723, 0.0020023184740225524, N, 1.0, 8831
0.014806049898609723, 0.0020021074815595365, N, 1.0, 4104
0.014806049898609723, 0.002001896533558108, N, 1.0, 863
0.014806049898609723, 0.002001685630004214, N, 1.0, 4314
0.014806049898609723, 0.002001474770883809, N, 1.0, 4378
0.014806049898609723, 0.002001263956182852, N, 1.0, 9579
0.014806049898609723, 0.002001053185887309, N, 1.0, 1248
0.014806049898609723, 0.0020008424599831506, N, 1.0, 4763
0.014806049898609723, 0.0020006317784563546, N, 1.0, 1403
0.014806049898609723, 0.0020004211412929036, N, 1.0, 10015
0.014806049898609723, 0.0020002105484787872, N, 1.0, 10735
0.014806049898609723, 0.002, N, 1.0, 10910
0.014806049898609723, 0.001999789495842543, N, 1.0, 11051
0.014806049898609723, 0.0019995790359924226, N, 1.0, 11305
0.014806049898609723, 0.0019993686204356517, N, 1.0, 7248
0.014806049898609723, 0.001999158249158249, N, 1.0, 7776
0.014806049898609723, 0.0019989479221462388, N, 1.0, 8215
0.014806049898609723, 0.001998737639385651, N, 1.0, 3250
0.014806049898609723, 0.0019985274008625224, N, 1.0, 3951
0.014806049898609723, 0.0019983172065628943, N, 1.0, 9423
0.014806049898609723, 0.0019981070564728154, N, 1.0, 995
0.014806049898609723, 0.0019978969505783386, N, 1.0, 9606
0.014806049898609723, 0.001997686888865524, N, 1.0, 2060
0.014806049898609723, 0.0019974768713204374, N, 1.0, 11179
0.014806049898609723, 0.0019972668979291496, N, 1.0, 7669
0.014806049898609723, 0.001997056968677738, N, 1.0, 8451
0.014806049898609723, 0.0019968470835522857, N, 1.0, 8651
0.014806049898609723, 0.001996637242538882, N, 1.0, 513
0.014806049898609723, 0.0019964274456236207, N, 1.0, 9096
0.014806049898609723, 0.0019962176927926035, N, 1.0, 4142
0.014806049898609723, 0.001996007984031936, N, 1.0, 894
0.014806049898609723, 0.001995798319327731, N, 1.0, 9438
0.014806049898609723, 0.0019955886986661067, N, 1.0, 1493
0.014806049898609723, 0.0019953791220331863, N, 1.0, 2027
0.014806049898609723, 0.0019951695894151003, N, 1.0, 10890
0.014806049898609723, 0.001994960100797984, N, 1.0, 11194
0.014806049898609723, 0.001994750656167979, N, 1.0, 6670
0.014806049898609723, 0.0019945412555112322, N, 1.0, 6961
0.014806049898609723, 0.0019943318988138972, N, 1.0, 2365
0.014806049898609723, 0.0019941225860621325, N, 1.0, 7351
0.014806049898609723, 0.001993913317242103, N, 1.0, 2420
0.014806049898609723, 0.001993704092339979, N, 1.0, 2830
0.014806049898609723, 0.001993494911341937, N, 1.0, 8199
0.014806049898609723, 0.0019932857742341586, N, 1.0, 8263
0.014806049898609723, 0.001993076681002832, N, 1.0, 8733
0.014806049898609723, 0.0019928676316341514, N, 1.0, 642
0.014806049898609723, 0.001992658626114316, N, 1.0, 4205
0.014806049898609723, 0.0019924496644295304, N, 1.0, 1091
0.014806049898609723, 0.0019922407465660062, N, 1.0, 4707
0.014806049898609723, 0.00199203187250996, N, 1.0, 1819
0.014806049898609723, 0.001991823042247615, N, 1.0, 11264
0.014806049898609723, 0.001991614255765199, N, 1.0, 6746
0.014806049898609723, 0.0019914055130489466, N, 1.0, 7594
0.014806049898609723, 0.0019911968140850973, N, 1.0, 7777
0.014806049898609723, 0.0019909881588598974, N, 1.0, 8350
0.014806049898609723, 0.0019907795473595976, N, 1.0, 250
0.014806049898609723, 0.0019905709795704557, N, 1.0, 3595
0.014806049898609723, 0.0019903624554787345, N, 1.0, 8799
0.014806049898609723, 0.0019901539750707027, N, 1.0, 9020
0.014806049898609723, 0.0019899455383326353, N, 1.0, 659
0.014806049898609723, 0.0019897371452508115, N, 1.0, 9260
0.014806049898609723, 0.001989528795811518, N, 1.0, 9607
0.014806049898609723, 0.001989320490001047, N, 1.0, 9655
0.014806049898609723, 0.0019891122278056952, N, 1.0, 5139
0.014806049898609723, 0.001988904009211766, N, 1.0, 1782
0.014806049898609723, 0.0019886958342055683, N, 1.0, 10509
0.014806049898609723, 0.001988487702773417, N, 1.0, 10612
0.014806049898609723, 0.0019882796149016326, N, 1.0, 10758
0.014806049898609723, 0.0019880715705765406, N, 1.0, 10819
0.014806049898609723, 0.001987863569784474, N, 1.0, 10971
0.014806049898609723, 0.001987655612511769, N, 1.0, 11414
0.014806049898609723, 0.0019874476987447698, N, 1.0, 6942
0.014806049898609723, 0.0019872398284698253, N, 1.0, 7670
0.014806049898609723, 0.00198703200167329, N, 1.0, 3158
0.014806049898609723, 0.0019868242183415244, N, 1.0, 8459
0.014806049898609723, 0.001986616478460895, N, 1.0, 104
0.014806049898609723, 0.0019864087820177733, N, 1.0, 164
0.014806049898609723, 0.0019862011289985366, N, 1.0, 8762
0.014806049898609723, 0.0019859935193895684, N, 1.0, 4088
0.014806049898609723, 0.0019857859531772575, N, 1.0, 801
0.014806049898609723, 0.0019855784303479986, N, 1.0, 1224
0.014806049898609723, 0.001985370950888192, N, 1.0, 1440
0.014806049898609723, 0.001985163514784244, N, 1.0, 10002
0.014806049898609723, 0.0019849561220225656, N, 1.0, 10212
0.014806049898609723, 0.001984748772589575, N, 1.0, 1852
0.014806049898609723, 0.001984541466471694, N, 1.0, 5339
0.014806049898609723, 0.0019843342036553525, N, 1.0, 1971
0.014806049898609723, 0.001984126984126984, N, 1.0, 10475
0.014806049898609723, 0.001983919807873029, N, 1.0, 2247
0.014806049898609723, 0.001983712674879933, N, 1.0, 11150
0.014806049898609723, 0.0019835055851341477, N, 1.0, 11195
0.014806049898609723, 0.0019832985386221296, N, 1.0, 8075
0.014806049898609723, 0.0019830915353303414, N, 1.0, 3290
0.014806049898609723, 0.0019828845752452515, N, 1.0, 3524
0.014806049898609723, 0.001982677658353334, N, 1.0, 8902
0.014806049898609723, 0.0019824707846410683, N, 1.0, 3989
0.014806049898609723, 0.00198226395409494, N, 1.0, 9171
0.014806049898609723, 0.0019820571667014397, N, 1.0, 816
0.014806049898609723, 0.0019818504224470637, N, 1.0, 9299
0.014806049898609723, 0.0019816437213183145, N, 1.0, 5127
0.014806049898609723, 0.0019814370633016998, N, 1.0, 10599
0.014806049898609723, 0.001981230448383733, N, 1.0, 2206
0.014806049898609723, 0.001981023876550933, N, 1.0, 11219
0.014806049898609723, 0.001980817347789825, N, 1.0, 11307
0.014806049898609723, 0.0019806108620869386, N, 1.0, 11398
0.014806049898609723, 0.0019804044194288097, N, 1.0, 6805
0.014806049898609723, 0.0019801980198019802, N, 1.0, 8285
0.014806049898609723, 0.001979991663192997, N, 1.0, 85
0.014806049898609723, 0.001979785349588413, N, 1.0, 251
0.014806049898609723, 0.0019795790789747863, N, 1.0, 3597
0.014806049898609723, 0.001979372851338681, N, 1.0, 4008
0.014806049898609723, 0.001979166666666667, N, 1.0, 9321
0.014806049898609723, 0.001978960524945318, N, 1.0, 4609
0.014806049898609723, 0.0019787544261612162, N, 1.0, 1542
0.014806049898609723, 0.0019785483703009476, N, 1.0, 10196
0.014806049898609723, 0.0019783423573511037, N, 1.0, 5559
0.014806049898609723, 0.001978136387298282, N, 1.0, 11137
0.014806049898609723, 0.001977930460129086, N, 1.0, 6943
0.014806049898609723, 0.0019777245758301237, N, 1.0, 3033
0.014806049898609723, 0.00197751873438801, N, 1.0, 3093
0.014806049898609723, 0.001977312935789364, N, 1.0, 8460
0.014806049898609723, 0.0019771071800208117, N, 1.0, 8937
0.014806049898609723, 0.0019769014670689834, N, 1.0, 629
0.014806049898609723, 0.0019766957969205162, N, 1.0, 683
0.014806049898609723, 0.0019764901695620515, N, 1.0, 802
0.014806049898609723, 0.001976284584980237, N, 1.0, 1853
0.014806049898609723, 0.0019760790431617263, N, 1.0, 10357
0.014806049898609723, 0.001975873544093178, N, 1.0, 1972
0.014806049898609723, 0.001975668087761256, N, 1.0, 5412
0.014806049898609723, 0.0019754626741526303, N, 1.0, 10773
0.014806049898609723, 0.0019752573032539764, N, 1.0, 6185
0.014806049898609723, 0.001975051975051975, N, 1.0, 11338
0.014806049898609723, 0.0019748466895333125, N, 1.0, 6674
0.014806049898609723, 0.001974641446684681, N, 1.0, 7109
0.014806049898609723, 0.0019744362464927776, N, 1.0, 2673
0.014806049898609723, 0.001974231088944306, N, 1.0, 2728
0.014806049898609723, 0.001974025974025974, N, 1.0, 286
0.014806049898609723, 0.001973820901724496, N, 1.0, 8736
0.014806049898609723, 0.0019736158720265917, N, 1.0, 331
0.014806049898609723, 0.0019734108849189863, N, 1.0, 8951
0.014806049898609723, 0.00197320594038841, N, 1.0, 771
0.014806049898609723, 0.001973001038421599, N, 1.0, 925
0.014806049898609723, 0.0019727961790052956, N, 1.0, 1354
0.014806049898609723, 0.0019725913621262458, N, 1.0, 4831
0.014806049898609723, 0.0019723865877712033, N, 1.0, 5180
0.014806049898609723, 0.0019721818559269256, N, 1.0, 10327
0.014806049898609723, 0.0019719771665801765, N, 1.0, 10438
0.014806049898609723, 0.001971772519717725, N, 1.0, 10493
0.014806049898609723, 0.0019715679153263464, N, 1.0, 11121
0.014806049898609723, 0.00197136335339282, N, 1.0, 7127
0.014806049898609723, 0.0019711588339039318, N, 1.0, 7540
0.014806049898609723, 0.001970954356846473, N, 1.0, 2850
0.014806049898609723, 0.0019707499222072398, N, 1.0, 7974
0.014806049898609723, 0.001970545529973035, N, 1.0, 8286
0.014806049898609723, 0.0019703411801306647, N, 1.0, 8639
0.014806049898609723, 0.001970136872666943, N, 1.0, 252
0.014806049898609723, 0.0019699326075686883, N, 1.0, 3647
0.014806049898609723, 0.0019697283848227245, N, 1.0, 3751
0.014806049898609723, 0.0019695242044158808, N, 1.0, 9079
0.014806049898609723, 0.001969320066334992, N, 1.0, 3956
0.014806049898609723, 0.001969115970566898, N, 1.0, 834
0.014806049898609723, 0.0019689119170984456, N, 1.0, 4286
0.014806049898609723, 0.001968707905916485, N, 1.0, 1050
0.014806049898609723, 0.001968503937007874, N, 1.0, 4545
0.014806049898609723, 0.0019683000103594738, N, 1.0, 4861
0.014806049898609723, 0.0019680961259581522, N, 1.0, 10041
0.014806049898609723, 0.001967892283790782, N, 1.0, 1786
0.014806049898609723, 0.001967688483844242, N, 1.0, 1953
0.014806049898609723, 0.0019674847261054156, N, 1.0, 2284
0.014806049898609723, 0.001967281010561193, N, 1.0, 11079
0.014806049898609723, 0.0019670773371984677, N, 1.0, 6945
0.014806049898609723, 0.0019668737060041406, N, 1.0, 7340
0.014806049898609723, 0.0019666701169651175, N, 1.0, 2569
0.014806049898609723, 0.001966466570068309, N, 1.0, 2928
0.014806049898609723, 0.0019662630653006314, N, 1.0, 3164
0.014806049898609723, 0.0019660596026490067, N, 1.0, 273
0.014806049898609723, 0.0019658561821003623, N, 1.0, 8889
0.014806049898609723, 0.0019656528036416303, N, 1.0, 8938
0.014806049898609723, 0.0019654494672597497, N, 1.0, 575
0.014806049898609723, 0.001965246172941663, N, 1.0, 3915
0.014806049898609723, 0.00196504292067432, N, 1.0, 9231
0.014806049898609723, 0.0019648397104446744, N, 1.0, 4091
0.014806049898609723, 0.0019646365422396855, N, 1.0, 1018
0.014806049898609723, 0.001964433416046319, N, 1.0, 9568
0.014806049898609723, 0.0019642303318515453, N, 1.0, 9676
0.014806049898609723, 0.00196402728964234, N, 1.0, 10417
0.014806049898609723, 0.0019638242894056846, N, 1.0, 5414
0.014806049898609723, 0.0019636213311285656, N, 1.0, 2302
0.014806049898609723, 0.0019634184147979744, N, 1.0, 6851
0.014806049898609723, 0.0019632155404009093, N, 1.0, 7642
0.014806049898609723, 0.0019630127079243724, N, 1.0, 2730
0.014806049898609723, 0.001962809917355372, N, 1.0, 7891
0.014806049898609723, 0.0019626071686809216, N, 1.0, 8017
0.014806049898609723, 0.0019624044618880396, N, 1.0, 8203
0.014806049898609723, 0.001962201796963751, N, 1.0, 287
0.014806049898609723, 0.001961999173895085, N, 1.0, 8737
0.014806049898609723, 0.0019617965926690757, N, 1.0, 3629
0.014806049898609723, 0.0019615940532727648, N, 1.0, 926
0.014806049898609723, 0.001961391555693197, N, 1.0, 1300
0.014806049898609723, 0.0019611890999174236, N, 1.0, 1356
0.014806049898609723, 0.001960986685932501, N, 1.0, 4965
0.014806049898609723, 0.00196078431372549, N, 1.0, 1648
0.014806049898609723, 0.001960581983283459, N, 1.0, 1700
0.014806049898609723, 0.001960379694593479, N, 1.0, 11309
0.014806049898609723, 0.0019601774476426287, N, 1.0, 6578
0.014806049898609723, 0.0019599752424179907, N, 1.0, 6929
0.014806049898609723, 0.001959773078906653, N, 1.0, 7191
0.014806049898609723, 0.0019595709570957094, N, 1.0, 7718
0.014806049898609723, 0.0019593688769722595, N, 1.0, 2746
0.014806049898609723, 0.001959166838523407, N, 1.0, 3073
0.014806049898609723, 0.0019589648417362615, N, 1.0, 8641
0.014806049898609723, 0.001958762886597938, N, 1.0, 451
0.014806049898609723, 0.001958560973095557, N, 1.0, 9268
0.014806049898609723, 0.001958359101216244, N, 1.0, 4130
0.014806049898609723, 0.0019581572709471296, N, 1.0, 1001
0.014806049898609723, 0.0019579554822753502, N, 1.0, 4547
0.014806049898609723, 0.0019577537351880476, N, 1.0, 1321
0.014806049898609723, 0.0019575520296723674, N, 1.0, 1375
0.014806049898609723, 0.001957350365715463, N, 1.0, 1477
0.014806049898609723, 0.001957148743304491, N, 1.0, 4986
0.014806049898609723, 0.0019569471624266144, N, 1.0, 10404
0.014806049898609723, 0.001956745623069001, N, 1.0, 2180
0.014806049898609723, 0.001956544125218824, N, 1.0, 2285
0.014806049898609723, 0.001956342668863262, N, 1.0, 10761
0.014806049898609723, 0.0019561412539894985, N, 1.0, 6101
0.014806049898609723, 0.001955939880584723, N, 1.0, 11140
0.014806049898609723, 0.00195573854863613, N, 1.0, 11326
0.014806049898609723, 0.001955537258130918, N, 1.0, 6831
0.014806049898609723, 0.0019553360090562933, N, 1.0, 7274
0.014806049898609723, 0.001955134801399465, N, 1.0, 2352
0.014806049898609723, 0.0019549336351476487, N, 1.0, 2811
0.014806049898609723, 0.001954732510288066, N, 1.0, 7998
0.014806049898609723, 0.0019545314268079417, N, 1.0, 3037
0.014806049898609723, 0.0019543303846945074, N, 1.0, 3347
0.014806049898609723, 0.0019541293839349994, N, 1.0, 8890
0.014806049898609723, 0.00195392842451666, N, 1.0, 805
0.014806049898609723, 0.0019537275064267353, N, 1.0, 9511
0.014806049898609723, 0.001953526629652478, N, 1.0, 1177
0.014806049898609723, 0.0019533257941811454, N, 1.0, 1446
0.014806049898609723, 0.001953125, N, 1.0, 1500
0.014806049898609723, 0.00195292424709631, N, 1.0, 10060
0.014806049898609723, 0.0019527235354573483, N, 1.0, 5010
0.014806049898609723, 0.0019525228650703935, N, 1.0, 1914
0.014806049898609723, 0.001952322235922729, N, 1.0, 10949
0.014806049898609723, 0.001952121648001644, N, 1.0, 6058
0.014806049898609723, 0.001951921101294432, N, 1.0, 11200
0.014806049898609723, 0.0019517205957883925, N, 1.0, 11341
0.014806049898609723, 0.0019515201314708299, N, 1.0, 64
0.014806049898609723, 0.001951319708329054, N, 1.0, 8681
0.014806049898609723, 0.00195111932635038, N, 1.0, 3839
0.014806049898609723, 0.0019509189855221275, N, 1.0, 594
0.014806049898609723, 0.0019507186858316221, N, 1.0, 9060
0.014806049898609723, 0.0019505184272661945, N, 1.0, 3995
0.014806049898609723, 0.00195031820981318, N, 1.0, 9250
0.014806049898609723, 0.00195011803345992, N, 1.0, 9411
0.014806049898609723, 0.0019499178981937603, N, 1.0, 1150
0.014806049898609723, 0.0019497178040020523, N, 1.0, 1256
0.014806049898609723, 0.0019495177508721527, N, 1.0, 1463
0.014806049898609723, 0.001949317738791423, N, 1.0, 10236
0.014806049898609723, 0.0019491177677472302, N, 1.0, 5488
0.014806049898609723, 0.0019489178377269463, N, 1.0, 11062
0.014806049898609723, 0.0019487179487179488, N, 1.0, 6513
0.014806049898609723, 0.0019485181007076198, N, 1.0, 7662
0.014806049898609723, 0.001948318293683347, N, 1.0, 3017
0.014806049898609723, 0.0019481185276325234, N, 1.0, 3202
0.014806049898609723, 0.0019479188025425466, N, 1.0, 8289
0.014806049898609723, 0.00194771911840082, N, 1.0, 3545
0.014806049898609723, 0.001947519475194752, N, 1.0, 4062
0.014806049898609723, 0.0019473198729117556, N, 1.0, 9781
0.014806049898609723, 0.0019471203115392498, N, 1.0, 4864
0.014806049898609723, 0.0019469207910646582, N, 1.0, 1478
0.014806049898609723, 0.00194672131147541, N, 1.0, 1608
0.014806049898609723, 0.0019465218727589386, N, 1.0, 1843
0.014806049898609723, 0.001946322474902684, N, 1.0, 10514
0.014806049898609723, 0.00194612311789409, N, 1.0, 2068
0.014806049898609723, 0.0019459238017206064, N, 1.0, 6832
0.014806049898609723, 0.0019457245263696877, N, 1.0, 2571
0.014806049898609723, 0.0019455252918287938, N, 1.0, 3282
0.014806049898609723, 0.0019453260980853897, N, 1.0, 8389
0.014806049898609723, 0.0019451269451269452, N, 1.0, 8464
0.014806049898609723, 0.0019449278329409356, N, 1.0, 8592
0.014806049898609723, 0.0019447287615148414, N, 1.0, 3566
0.014806049898609723, 0.0019445297308361479, N, 1.0, 9046
0.014806049898609723, 0.0019443307408923455, N, 1.0, 1288
0.014806049898609723, 0.0019441317916709302, N, 1.0, 4698
0.014806049898609723, 0.0019439328831594026, N, 1.0, 1501
0.014806049898609723, 0.0019437340153452686, N, 1.0, 1631
0.014806049898609723, 0.0019435351882160392, N, 1.0, 10158
0.014806049898609723, 0.0019433364017592309, N, 1.0, 1808
0.014806049898609723, 0.0019431376559623645, N, 1.0, 10363
0.014806049898609723, 0.0019429389508129665, N, 1.0, 10630
0.014806049898609723, 0.0019427402862985685, N, 1.0, 2304
0.014806049898609723, 0.0019425416624067068, N, 1.0, 10846
0.014806049898609723, 0.0019423430791249234, N, 1.0, 10898
0.014806049898609723, 0.0019421445364407647, N, 1.0, 11157
0.014806049898609723, 0.0019419460343417824, N, 1.0, 6556
0.014806049898609723, 0.001941747572815534, N, 1.0, 6914
0.014806049898609723, 0.001941549151849581, N, 1.0, 7412
0.014806049898609723, 0.0019413507714314908, N, 1.0, 3187
0.014806049898609723, 0.0019411524315488353, N, 1.0, 4
0.014806049898609723, 0.001940954132189192, N, 1.0, 71
0.014806049898609723, 0.001940755873340143, N, 1.0, 8552
0.014806049898609723, 0.0019405576549892758, N, 1.0, 486
0.014806049898609723, 0.001940359477124183, N, 1.0, 595
0.014806049898609723, 0.001940161339732462, N, 1.0, 9061
0.014806049898609723, 0.0019399632428017154, N, 1.0, 4044
0.014806049898609723, 0.0019397651863195507, N, 1.0, 984
0.014806049898609723, 0.0019395671702735812, N, 1.0, 1196
0.014806049898609723, 0.001939369194651424, N, 1.0, 4774
0.014806049898609723, 0.0019391712594407022, N, 1.0, 5721
0.014806049898609723, 0.0019389733646290438, N, 1.0, 10863
0.014806049898609723, 0.0019387755102040817, N, 1.0, 6813
0.014806049898609723, 0.0019385776961534538, N, 1.0, 7663
0.014806049898609723, 0.0019383799224648032, N, 1.0, 561
0.014806049898609723, 0.0019381821891257779, N, 1.0, 4014
0.014806049898609723, 0.001937984496124031, N, 1.0, 4065
0.014806049898609723, 0.0019377868434472209, N, 1.0, 9616
0.014806049898609723, 0.0019375892310830103, N, 1.0, 1163
0.014806049898609723, 0.001937391659019068, N, 1.0, 4615
0.014806049898609723, 0.001937194127243067, N, 1.0, 1271
0.014806049898609723, 0.0019369966357426853, N, 1.0, 1384
0.014806049898609723, 0.0019367991845056064, N, 1.0, 4865
0.014806049898609723, 0.0019366017735195189, N, 1.0, 10764
0.014806049898609723, 0.0019364044027721159, N, 1.0, 10825
0.014806049898609723, 0.0019362070722510954, N, 1.0, 5926
0.014806049898609723, 0.0019360097819441614, N, 1.0, 11024
0.014806049898609723, 0.001935812531839022, N, 1.0, 6948
0.014806049898609723, 0.0019356153219233904, N, 1.0, 2716
0.014806049898609723, 0.0019354181521849853, N, 1.0, 3170
0.014806049898609723, 0.0019352210226115298, N, 1.0, 8316
0.014806049898609723, 0.0019350239331907527, N, 1.0, 8725
0.014806049898609723, 0.001934826883910387, N, 1.0, 749
0.014806049898609723, 0.0019346298747581713, N, 1.0, 4371
0.014806049898609723, 0.001934432905721849, N, 1.0, 1289
0.014806049898609723, 0.0019342359767891683, N, 1.0, 9818
0.014806049898609723, 0.0019340390879478827, N, 1.0, 4814
0.014806049898609723, 0.0019338422391857507, N, 1.0, 5061
0.014806049898609723, 0.0019336454304905353, N, 1.0, 10219
0.014806049898609723, 0.001933448661850005, N, 1.0, 1749
0.014806049898609723, 0.0019332519332519332, N, 1.0, 1809
0.014806049898609723, 0.001933055244684098, N, 1.0, 5646
0.014806049898609723, 0.0019328585961342828, N, 1.0, 10730
0.014806049898609723, 0.0019326619875902756, N, 1.0, 2306
0.014806049898609723, 0.0019324654190398698, N, 1.0, 11203
0.014806049898609723, 0.0019322688904708635, N, 1.0, 7041
0.014806049898609723, 0.0019320724018710596, N, 1.0, 2484
0.014806049898609723, 0.0019318759532282665, N, 1.0, 2841
0.014806049898609723, 0.0019316795445302969, N, 1.0, 8276
0.014806049898609723, 0.001931483175764969, N, 1.0, 3245
0.014806049898609723, 0.0019312868469201058, N, 1.0, 8419
0.014806049898609723, 0.001931090557983535, N, 1.0, 197
0.014806049898609723, 0.0019308943089430895, N, 1.0, 487
0.014066720962475552, 0.0019306980997866072, N, 1.0, 1685
0.014066720962475552, 0.0019305019305019305, N, 1.0, 7880
0.014066720962475552, 0.0019303058010769075, N, 1.0, 233
0.014066720962475552, 0.0019301097114993904, N, 1.0, 1207
0.014066720962475552, 0.0019299136617572372, N, 1.0, 4681
0.014066720962475552, 0.00192971765183831, N, 1.0, 10317
0.014066720962475552, 0.0019295216817304763, N, 1.0, 1551
0.014066720962475552, 0.0019293257514216085, N, 1.0, 3099
0.014066720962475552, 0.0019291298608995837, N, 1.0, 5817
0.014066720962475552, 0.0019289340101522842, N, 1.0, 2495
0.014066720962475552, 0.0019287381991675973, N, 1.0, 6841
0.014066720962475552, 0.0019285424279334145, N, 1.0, 9444
0.014066720962475552, 0.0019283466964376333, N, 1.0, 534
0.014066720962475552, 0.001928151004668155, N, 1.0, 5255
0.014066720962475552, 0.0019279553526128869, N, 1.0, 10131
0.014066720962475552, 0.0019277597402597403, N, 1.0, 1959
0.014066720962475552, 0.0019275641675966318, N, 1.0, 3487
0.014066720962475552, 0.001927368634611483, N, 1.0, 4769
0.014066720962475552, 0.0019271731412922202, N, 1.0, 5592
0.014066720962475552, 0.0019269776876267748, N, 1.0, 1562
0.014066720962475552, 0.0019267822736030828, N, 1.0, 2290
0.014066720962475552, 0.0019265868992090853, N, 1.0, 5907
0.014066720962475552, 0.0019263915644327284, N, 1.0, 8844
0.014066720962475552, 0.0019261962692619628, N, 1.0, 11311
0.014066720962475552, 0.001926001013684744, N, 1.0, 10133
0.014066720962475552, 0.001925805797689033, N, 1.0, 8662
0.014066720962475552, 0.0019256106212627952, N, 1.0, 9488
0.014066720962475552, 0.0019254154843940008, N, 1.0, 10580
0.014066720962475552, 0.0019252203870706252, N, 1.0, 2561
0.014066720962475552, 0.0019250253292806485, N, 1.0, 5338
0.014066720962475552, 0.0019248303110120555, N, 1.0, 1381
0.014066720962475552, 0.0019246353322528362, N, 1.0, 10591
0.014066720962475552, 0.0019244403929909856, N, 1.0, 11396
0.014066720962475552, 0.0019242454932145027, N, 1.0, 168
0.014066720962475552, 0.0019240506329113924, N, 1.0, 2589
0.014066720962475552, 0.0019238558120696638, N, 1.0, 9310
0.014066720962475552, 0.0019236610306773312, N, 1.0, 7099
0.014066720962475552, 0.0019234662887224134, N, 1.0, 8680
0.014066720962475552, 0.0019232715861929345, N, 1.0, 9544
0.014066720962475552, 0.0019230769230769232, N, 1.0, 11026
0.014066720962475552, 0.0019228822993624128, N, 1.0, 640
0.014066720962475552, 0.0019226877150374418, N, 1.0, 1597
0.014066720962475552, 0.0019224931700900535, N, 1.0, 3785
0.014066720962475552, 0.0019222986645082963, N, 1.0, 11429
0.014066720962475552, 0.0019221041982802225, N, 1.0, 1838
0.014066720962475552, 0.0019219097713938902, N, 1.0, 5396
0.014066720962475552, 0.0019217153838373621, N, 1.0, 6327
0.014066720962475552, 0.0019215210355987054, N, 1.0, 4905
0.014066720962475552, 0.0019213267266659925, N, 1.0, 11044
0.014066720962475552, 0.0019211324570273002, N, 1.0, 1599
0.014066720962475552, 0.0019209382266707107, N, 1.0, 9082
0.014066720962475552, 0.0019207440355843105, N, 1.0, 206
0.014066720962475552, 0.0019205498837561912, N, 1.0, 4208
0.014066720962475552, 0.001920355771174449, N, 1.0, 3552
0.014066720962475552, 0.0019201616978271854, N, 1.0, 5682
0.014066720962475552, 0.001919967663702506, N, 1.0, 7331
0.014066720962475552, 0.0019197736687885218, N, 1.0, 10472
0.014066720962475552, 0.0019195797130733482, N, 1.0, 11052
0.014066720962475552, 0.0019193857965451055, N, 1.0, 1136
0.014066720962475552, 0.0019191919191919192, N, 1.0, 4212
0.014066720962475552, 0.001918998081001919, N, 1.0, 6422
0.014066720962475552, 0.0019188042819632397, N, 1.0, 9362
0.014066720962475552, 0.001918610522064021, N, 1.0, 1512
0.014066720962475552, 0.001918416801292407, N, 1.0, 5698
0.014066720962475552, 0.0019182231196365471, N, 1.0, 10473
0.014066720962475552, 0.0019180294770845953, N, 1.0, 792
0.014066720962475552, 0.0019178358736247098, N, 1.0, 3952
0.014066720962475552, 0.0019176423092450545, N, 1.0, 5182
0.014066720962475552, 0.0019174487839337976, N, 1.0, 2769
0.014066720962475552, 0.001917255297679112, N, 1.0, 4213
0.014066720962475552, 0.0019170618504691756, N, 1.0, 9363
0.014066720962475552, 0.0019168684422921712, N, 1.0, 10845
0.014066720962475552, 0.0019166750731362857, N, 1.0, 1523
0.014066720962475552, 0.0019164817429897115, N, 1.0, 10492
0.014066720962475552, 0.0019162884518406456, N, 1.0, 827
0.014066720962475552, 0.0019160951996772893, N, 1.0, 2457
0.014066720962475552, 0.0019159019864878491, N, 1.0, 1936
0.014066720962475552, 0.0019157088122605363, N, 1.0, 501
0.014066720962475552, 0.0019155156769835669, N, 1.0, 3020
0.014066720962475552, 0.0019153225806451612, N, 1.0, 4638
0.014066720962475552, 0.001915129523233545, N, 1.0, 10505
0.007772689417371948, 0.001914936504736948, N, 1.0, 9469
0.007772689417371948, 0.0019147435251436057, N, 1.0, 9531
0.007772689417371948, 0.0019145505844417572, N, 1.0, 4600
0.007772689417371948, 0.0019143576826196474, N, 1.0, 5024
0.007772689417371948, 0.0019141648196655248, N, 1.0, 5247
0.007772689417371948, 0.0019139719955676437, N, 1.0, 1877
0.007772689417371948, 0.0019137792103142628, N, 1.0, 5375
0.007772689417371948, 0.001913586463893645, N, 1.0, 10553
0.007772689417371948, 0.0019133937562940584, N, 1.0, 5545
0.007772689417371948, 0.0019132010875037762, N, 1.0, 5961
0.007772689417371948, 0.0019130084575110754, N, 1.0, 11228
0.007772689417371948, 0.0019128158663042384, N, 1.0, 6694
0.007772689417371948, 0.0019126233138715522, N, 1.0, 6998
0.007772689417371948, 0.0019124308002013085, N, 1.0, 7202
0.007772689417371948, 0.0019122383252818036, N, 1.0, 8040
0.007772689417371948, 0.0019120458891013384, N, 1.0, 3332
0.007772689417371948, 0.001911853491648219, N, 1.0, 8516
0.007772689417371948, 0.0019116611329107556, N, 1.0, 3493
0.007772689417371948, 0.0019114688128772635, N, 1.0, 261
0.007772689417371948, 0.0019112765315360627, N, 1.0, 4077
0.007772689417371948, 0.0019110842888754778, N, 1.0, 4616
0.007772689417371948, 0.0019108920848838378, N, 1.0, 4739
0.007772689417371948, 0.001910699919549477, N, 1.0, 5046
0.007772689417371948, 0.001910507792860734, N, 1.0, 5209
0.007772689417371948, 0.0019103157048059522, N, 1.0, 10666
0.007772689417371948, 0.0019101236553734793, N, 1.0, 6775
0.007772689417371948, 0.0019099316445516687, N, 1.0, 7088
0.007772689417371948, 0.0019097396723288772, N, 1.0, 2310
0.007772689417371948, 0.0019095477386934674, N, 1.0, 2358
0.007772689417371948, 0.0019093558436338056, N, 1.0, 2665
0.007772689417371948, 0.0019091639871382637, N, 1.0, 8065
0.007772689417371948, 0.0019089721691952176, N, 1.0, 3109
0.007772689417371948, 0.001908780389793048, N, 1.0, 8600
0.007772689417371948, 0.0019085886489201406, N, 1.0, 3513
0.007772689417371948, 0.0019083969465648854, N, 1.0, 322
0.007772689417371948, 0.0019082052827156773, N, 1.0, 765
0.007772689417371948, 0.0019080136573609158, N, 1.0, 808
0.007772689417371948, 0.0019078220704890048, N, 1.0, 4198
0.007772689417371948, 0.0019076305220883535, N, 1.0, 9516
0.007772689417371948, 0.0019074390121473748, N, 1.0, 4429
0.007772689417371948, 0.001907247540654487, N, 1.0, 1241
0.007772689417371948, 0.001907056107598113, N, 1.0, 1347
0.007772689417371948, 0.0019068647129666801, N, 1.0, 1811
0.007772689417371948, 0.0019066733567486202, N, 1.0, 1860
0.007772689417371948, 0.00190648203893237, N, 1.0, 10366
0.007772689417371948, 0.001906290759506371, N, 1.0, 5291
0.007772689417371948, 0.001906099518459069, N, 1.0, 10586
0.007772689417371948, 0.0019059083157789147, N, 1.0, 10633
0.007772689417371948, 0.001905717151454363, N, 1.0, 10731
0.007772689417371948, 0.0019055260254738741, N, 1.0, 6264
0.007772689417371948, 0.0019053349378259125, N, 1.0, 2428
0.007772689417371948, 0.0019051438884989471, N, 1.0, 2600
0.007772689417371948, 0.0019049528774814518, N, 1.0, 7649
0.007772689417371948, 0.0019047619047619048, N, 1.0, 2679
0.007772689417371948, 0.001904570970328789, N, 1.0, 2738
0.007772689417371948, 0.0019043800741705924, N, 1.0, 2954
0.007772689417371948, 0.0019041892162758069, N, 1.0, 3127
0.007772689417371948, 0.0019039983966329293, N, 1.0, 3190
0.007772689417371948, 0.001903807615230461, N, 1.0, 8420
0.007772689417371948, 0.0019036168720569081, N, 1.0, 8848
0.007772689417371948, 0.0019034261671007815, N, 1.0, 8958
0.007772689417371948, 0.001903235500350596, N, 1.0, 3842
0.007772689417371948, 0.0019030448717948718, N, 1.0, 1307
0.007772689417371948, 0.0019028542814221333, N, 1.0, 1468
0.007772689417371948, 0.0019026637292209093, N, 1.0, 5025
0.007772689417371948, 0.0019024732151797336, N, 1.0, 5134
0.007772689417371948, 0.0019022827392871447, N, 1.0, 10334
0.007772689417371948, 0.0019020923015316848, N, 1.0, 5311
0.007772689417371948, 0.0019019019019019018, N, 1.0, 5377
0.007772689417371948, 0.0019017115403863478, N, 1.0, 11071
0.007772689417371948, 0.0019015212169735788, N, 1.0, 6758
0.007772689417371948, 0.0019013309316521566, N, 1.0, 2449
0.007772689417371948, 0.0019011406844106464, N, 1.0, 2798
0.007772689417371948, 0.0019009504752376188, N, 1.0, 2865
0.007772689417371948, 0.0019007603041216487, N, 1.0, 8368
0.007772689417371948, 0.0019005701710513153, N, 1.0, 3603
0.007772689417371948, 0.001900380076015203, N, 1.0, 3656
0.007772689417371948, 0.0019001900190019003, N, 1.0, 563
0.007772689417371948, 0.0019, N, 1.0, 4079
0.007772689417371948, 0.0018998100189981002, N, 1.0, 4238
0.007772689417371948, 0.001899620075984803, N, 1.0, 10100
0.007772689417371948, 0.0018994301709487154, N, 1.0, 2186
0.007772689417371948, 0.0018992403038784486, N, 1.0, 10667
0.007772689417371948, 0.0018990504747626188, N, 1.0, 5629
0.007772689417371948, 0.001898860683589846, N, 1.0, 2243
0.007772689417371948, 0.0018986709303487558, N, 1.0, 2291
0.007772689417371948, 0.0018984812150279777, N, 1.0, 5873
0.007772689417371948, 0.0018982915376161455, N, 1.0, 10938
0.007772689417371948, 0.001898101898101898, N, 1.0, 6538
0.007772689417371948, 0.0018979122964738787, N, 1.0, 7219
0.007772689417371948, 0.0018977227327207351, N, 1.0, 7348
0.007772689417371948, 0.0018975332068311196, N, 1.0, 2417
0.007772689417371948, 0.0018973437187936888, N, 1.0, 2520
0.007772689417371948, 0.0018971542685971043, N, 1.0, 7945
0.007772689417371948, 0.0018969648562300319, N, 1.0, 49
0.007772689417371948, 0.001896775481681142, N, 1.0, 8601
0.007772689417371948, 0.0018965861449391096, N, 1.0, 8945
0.007772689417371948, 0.0018963968459926141, N, 1.0, 637
0.007772689417371948, 0.0018962075848303393, N, 1.0, 4096
0.007772689417371948, 0.001896018361440974, N, 1.0, 972
0.007772689417371948, 0.001895829175813211, N, 1.0, 5063
0.007772689417371948, 0.0018956400279357478, N, 1.0, 2041
0.007772689417371948, 0.0018954509177972864, N, 1.0, 2201
0.007772689417371948, 0.0018952618453865336, N, 1.0, 10732
0.007772689417371948, 0.0018950728106922003, N, 1.0, 11207
0.007772689417371948, 0.0018948838137030019, N, 1.0, 6683
0.007772689417371948, 0.0018946948544076585, N, 1.0, 7245
0.007772689417371948, 0.0018945059327948948, N, 1.0, 7589
0.007772689417371948, 0.0018943170488534397, N, 1.0, 7650
0.007772689417371948, 0.0018941282025720268, N, 1.0, 2680
0.007772689417371948, 0.001893939393939394, N, 1.0, 2783
0.007772689417371948, 0.0018937506229442839, N, 1.0, 8146
0.007772689417371948, 0.0018935618895754435, N, 1.0, 15
0.007772689417371948, 0.0018933731938216244, N, 1.0, 8500
0.007772689417371948, 0.0018931845356715824, N, 1.0, 199
0.007772689417371948, 0.001892995915114078, N, 1.0, 247
0.007772689417371948, 0.001892807332137876, N, 1.0, 3591
0.007772689417371948, 0.0018926187867317461, N, 1.0, 3639
0.007772689417371948, 0.0018924302788844622, N, 1.0, 341
0.007772689417371948, 0.0018922418085848022, N, 1.0, 3738
0.007772689417371948, 0.0018920533758215495, N, 1.0, 442
0.007772689417371948, 0.001891864980583491, N, 1.0, 3843
0.007772689417371948, 0.0018916766228594185, N, 1.0, 548
0.007772689417371948, 0.0018914883026381285, N, 1.0, 4000
0.007772689417371948, 0.0018913000199084213, N, 1.0, 712
0.007772689417371948, 0.0018911117746591023, N, 1.0, 9474
0.007772689417371948, 0.001890923566878981, N, 1.0, 1154
0.007772689417371948, 0.0018907353965568713, N, 1.0, 1363
0.007772689417371948, 0.001890547263681592, N, 1.0, 1469
0.007772689417371948, 0.001890359168241966, N, 1.0, 1655
0.007772689417371948, 0.0018901711102268205, N, 1.0, 1773
0.007772689417371948, 0.0018899830896249876, N, 1.0, 10501
0.007772689417371948, 0.0018897951064253034, N, 1.0, 2058
0.007772689417371948, 0.0018896071606166087, N, 1.0, 5495
0.007772689417371948, 0.0018894192521877486, N, 1.0, 2169
0.007772689417371948, 0.0018892313811275728, N, 1.0, 5730
0.007772689417371948, 0.0018890435474249354, N, 1.0, 10921
0.007772689417371948, 0.0018888557510686947, N, 1.0, 6760
0.007772689417371948, 0.0018886679920477136, N, 1.0, 7066
0.007772689417371948, 0.0018884802703508599, N, 1.0, 7204
0.007772689417371948, 0.0018882925859670045, N, 1.0, 2555
0.007772689417371948, 0.0018881049388850245, N, 1.0, 2615
0.007772689417371948, 0.0018879173290937998, N, 1.0, 2867
0.007772689417371948, 0.0018877297565822156, N, 1.0, 8111
0.007772689417371948, 0.0018875422213391615, N, 1.0, 8371
0.007772689417371948, 0.0018873547233535313, N, 1.0, 8705
0.007772689417371948, 0.0018871672626142233, N, 1.0, 466
0.007772689417371948, 0.00188697983911014, N, 1.0, 3907
0.007772689417371948, 0.0018867924528301887, N, 1.0, 9093
0.007772689417371948, 0.0018866051037632807, N, 1.0, 3964
0.007772689417371948, 0.001886417791898332, N, 1.0, 10050
0.007772689417371948, 0.0018862305172242628, N, 1.0, 1555
0.007772689417371948, 0.001886043279729998, N, 1.0, 5048
0.007772689417371948, 0.0018858560794044665, N, 1.0, 5513
0.007772689417371948, 0.0018856689162366018, N, 1.0, 5630
0.007772689417371948, 0.0018854817902153418, N, 1.0, 10768
0.007772689417371948, 0.001885294701329629, N, 1.0, 6421
0.007772689417371948, 0.0018851076495684095, N, 1.0, 6609
0.007772689417371948, 0.001884920634920635, N, 1.0, 6958
0.007772689417371948, 0.0018847336573752603, N, 1.0, 7220
0.007772689417371948, 0.0018845467169212459, N, 1.0, 7283
0.007772689417371948, 0.0018843598135475552, N, 1.0, 2721
0.007772689417371948, 0.0018841729472431575, N, 1.0, 3174
0.007772689417371948, 0.0018839861179970254, N, 1.0, 8830
0.007772689417371948, 0.001883799325798136, N, 1.0, 810
0.007772689417371948, 0.0018836125706354714, N, 1.0, 9577
0.007772689417371948, 0.0018834258524980175, N, 1.0, 9829
0.007772689417371948, 0.0018832391713747645, N, 1.0, 4819
0.007772689417371948, 0.0018830525272547076, N, 1.0, 5174
0.007772689417371948, 0.0018828659201268457, N, 1.0, 10322
0.007772689417371948, 0.0018826793499801824, N, 1.0, 2042
0.007772689417371948, 0.0018824928168037253, N, 1.0, 10635
0.007772689417371948, 0.001882306320586487, N, 1.0, 10733
0.007772689417371948, 0.001882119861317484, N, 1.0, 6319
0.007772689417371948, 0.001881933438985737, N, 1.0, 7425
0.007772689417371948, 0.0018817470535802713, N, 1.0, 2540
0.007772689417371948, 0.001881560705090117, N, 1.0, 7590
0.007772689417371948, 0.0018813743935043074, N, 1.0, 2740
0.007772689417371948, 0.0018811881188118811, N, 1.0, 7842
0.007772689417371948, 0.001881001881001881, N, 1.0, 3193
0.007772689417371948, 0.0018808156800633538, N, 1.0, 3306
0.007772689417371948, 0.0018806295159853508, N, 1.0, 17
0.007772689417371948, 0.001880443388756928, N, 1.0, 8558
0.007772689417371948, 0.001880257298367145, N, 1.0, 3535
0.007772689417371948, 0.0018800712448050663, N, 1.0, 4069
0.007772689417371948, 0.0018798852280597605, N, 1.0, 879
0.007772689417371948, 0.0018796992481203006, N, 1.0, 1262
0.007772689417371948, 0.0018795133049757642, N, 1.0, 4849
0.007772689417371948, 0.0018793273986152325, N, 1.0, 5087
0.007772689417371948, 0.0018791415290277916, N, 1.0, 1834
0.007772689417371948, 0.0018789556962025317, N, 1.0, 1947
0.007772689417371948, 0.0018787699001285474, N, 1.0, 2008
0.007772689417371948, 0.0018785841407949378, N, 1.0, 10503
0.007772689417371948, 0.0018783984181908056, N, 1.0, 5439
0.007772689417371948, 0.001878212732305259, N, 1.0, 10608
0.007772689417371948, 0.0018780270831274092, N, 1.0, 5550
0.007772689417371948, 0.0018778414706463729, N, 1.0, 2170
0.007772689417371948, 0.00187765589485127, N, 1.0, 7667
0.007772689417371948, 0.0018774703557312253, N, 1.0, 7798
0.007772689417371948, 0.001877284853275368, N, 1.0, 2803
0.007772689417371948, 0.0018770993874728315, N, 1.0, 8044
0.007772689417371948, 0.0018769139583127532, N, 1.0, 8175
0.007772689417371948, 0.001876728565784275, N, 1.0, 3557
0.007772689417371948, 0.0018765432098765433, N, 1.0, 9437
0.007772689417371948, 0.0018763578905787084, N, 1.0, 10207
0.007772689417371948, 0.001876172607879925, N, 1.0, 10307
0.007772689417371948, 0.0018759873617693523, N, 1.0, 2026
0.007772689417371948, 0.0018758021522361536, N, 1.0, 5515
0.007772689417371948, 0.0018756169792694965, N, 1.0, 2245
0.007772689417371948, 0.001875431842858553, N, 1.0, 10769
0.007772689417371948, 0.001875246742992499, N, 1.0, 11288
0.007772689417371948, 0.001875061679660515, N, 1.0, 6543
0.007772689417371948, 0.001874876652851786, N, 1.0, 2584
0.007772689417371948, 0.0018746916625555006, N, 1.0, 7570
0.007772689417371948, 0.0018745067087608525, N, 1.0, 7693
0.007772689417371948, 0.0018743217914570386, N, 1.0, 3175
0.007772689417371948, 0.001874136910633261, N, 1.0, 235
0.007772689417371948, 0.0018739520662787257, N, 1.0, 639
0.007772689417371948, 0.001873767258382643, N, 1.0, 9452
0.007772689417371948, 0.0018735824869342275, N, 1.0, 9638
0.007772689417371948, 0.0018733977519226977, N, 1.0, 9755
0.007772689417371948, 0.001873213053337277, N, 1.0, 4704
0.007772689417371948, 0.0018730283911671925, N, 1.0, 10073
0.007772689417371948, 0.0018728437654016758, N, 1.0, 5235
0.007772689417371948, 0.0018726591760299626, N, 1.0, 5655
0.007772689417371948, 0.001872474623041293, N, 1.0, 10956
0.007772689417371948, 0.0018722901064249114, N, 1.0, 6446
0.007772689417371948, 0.001872105626170066, N, 1.0, 11395
0.007772689417371948, 0.00187192118226601, N, 1.0, 2493
0.007772689417371948, 0.0018717367747019997, N, 1.0, 3425
0.007772689417371948, 0.0018715524034672972, N, 1.0, 204
0.007772689417371948, 0.0018713680685511671, N, 1.0, 8746
0.007772689417371948, 0.0018711837699428796, N, 1.0, 8919
0.007772689417371948, 0.0018709995076317085, N, 1.0, 3795
0.007772689417371948, 0.0018708152816069318, N, 1.0, 4070
0.007772689417371948, 0.001870631091857832, N, 1.0, 4465
0.007772689417371948, 0.0018704469383736956, N, 1.0, 9713
0.007772689417371948, 0.0018702628211438135, N, 1.0, 5028
0.007772689417371948, 0.0018700787401574803, N, 1.0, 10194
0.007772689417371948, 0.0018698946954039957, N, 1.0, 5088
0.007772689417371948, 0.0018697106868726628, N, 1.0, 10609
0.007772689417371948, 0.0018695267145527896, N, 1.0, 10755
0.007772689417371948, 0.0018693427784336875, N, 1.0, 5732
0.007772689417371948, 0.001869158878504673, N, 1.0, 5857
0.007772689417371948, 0.0018689750147550658, N, 1.0, 5914
0.007772689417371948, 0.001868791187174191, N, 1.0, 6293
0.007772689417371948, 0.001868607395751377, N, 1.0, 6762
0.007772689417371948, 0.0018684236404759563, N, 1.0, 7549
0.007772689417371948, 0.0018682399213372665, N, 1.0, 2981
0.007772689417371948, 0.0018680562383246485, N, 1.0, 3029
0.007772689417371948, 0.0018678725914274478, N, 1.0, 8522
0.007772689417371948, 0.0018676889806350143, N, 1.0, 310
0.007772689417371948, 0.0018675054059367013, N, 1.0, 626
0.007772689417371948, 0.0018673218673218672, N, 1.0, 3967
0.007772689417371948, 0.0018671383647798742, N, 1.0, 1068
0.007772689417371948, 0.0018669548983000885, N, 1.0, 4624
0.007772689417371948, 0.0018667714678718805, N, 1.0, 5277
0.007772689417371948, 0.0018665880734846253, N, 1.0, 5575
0.007772689417371948, 0.0018664047151277013, N, 1.0, 2246
0.007772689417371948, 0.0018662213927904921, N, 1.0, 5931
0.007772689417371948, 0.0018660381064623847, N, 1.0, 11031
0.007772689417371948, 0.0018658548561327703, N, 1.0, 7160
0.007772689417371948, 0.0018656716417910447, N, 1.0, 2587
0.007772689417371948, 0.0018654884634266079, N, 1.0, 8403
0.007772689417371948, 0.001865305321028863, N, 1.0, 184
0.007772689417371948, 0.001865122214587219, N, 1.0, 284
0.007772689417371948, 0.0018649391440910875, N, 1.0, 3729
0.007772689417371948, 0.0018647561095298851, N, 1.0, 585
0.007772689417371948, 0.0018645731108930324, N, 1.0, 9169
0.007772689417371948, 0.0018643901481699538, N, 1.0, 9584
0.007772689417371948, 0.0018642072213500786, N, 1.0, 4517
0.007772689417371948, 0.0018640243304228392, N, 1.0, 4650
0.007772689417371948, 0.0018638414753776732, N, 1.0, 4825
0.007772689417371948, 0.0018636586562040215, N, 1.0, 4958
0.007772689417371948, 0.00186347587289133, N, 1.0, 10174
0.007772689417371948, 0.0018632931254290478, N, 1.0, 5176
0.007772689417371948, 0.0018631104138066288, N, 1.0, 1865
0.007772689417371948, 0.0018629277380135308, N, 1.0, 1928
0.007772689417371948, 0.0018627450980392157, N, 1.0, 10436
0.007772689417371948, 0.0018625624938731497, N, 1.0, 2046
0.007772689417371948, 0.001862379925504803, N, 1.0, 2106
0.007772689417371948, 0.00186219739292365, N, 1.0, 10638
0.007772689417371948, 0.001862014896119169, N, 1.0, 5768
0.007772689417371948, 0.0018618324350808428, N, 1.0, 6140
0.007772689417371948, 0.001861650009798158, N, 1.0, 6271
0.007772689417371948, 0.0018614676202606054, N, 1.0, 6448
0.007772689417371948, 0.0018612852664576802, N, 1.0, 11397
0.007772689417371948, 0.0018611029483788814, N, 1.0, 6573
0.007772689417371948, 0.0018609206660137121, N, 1.0, 7537
0.007772689417371948, 0.0018607384193516795, N, 1.0, 2604
0.007772689417371948, 0.0018605562083822953, N, 1.0, 2786
0.007772689417371948, 0.001860374033095075, N, 1.0, 3070
0.007772689417371948, 0.001860191893479538, N, 1.0, 8156
0.007772689417371948, 0.001860009789525208, N, 1.0, 3645
0.007772689417371948, 0.0018598277212216131, N, 1.0, 388
0.007772689417371948, 0.0018596456885582853, N, 1.0, 9319
0.007772689417371948, 0.0018594636915247602, N, 1.0, 4176
0.007772689417371948, 0.0018592817301105783, N, 1.0, 1157
0.007772689417371948, 0.0018590998043052837, N, 1.0, 9716
0.007772689417371948, 0.0018589179140984249, N, 1.0, 1316
0.007772689417371948, 0.0018587360594795538, N, 1.0, 4904
0.007772689417371948, 0.0018585542404382276, N, 1.0, 10247
0.007772689417371948, 0.0018583724569640062, N, 1.0, 5316
0.007772689417371948, 0.0018581907090464548, N, 1.0, 5389
0.007772689417371948, 0.0018580089966751417, N, 1.0, 5442
0.007772689417371948, 0.00185782731983964, N, 1.0, 2062
0.007772689417371948, 0.0018576456785295268, N, 1.0, 2282
0.007772689417371948, 0.0018574640727343826, N, 1.0, 5858
0.007772689417371948, 0.0018572825024437928, N, 1.0, 5915
0.007772689417371948, 0.0018571009676473463, N, 1.0, 6226
0.007772689417371948, 0.0018569194683346365, N, 1.0, 6297
0.007772689417371948, 0.0018567380044952604, N, 1.0, 11322
0.007772689417371948, 0.0018565565761188196, N, 1.0, 7073
0.007772689417371948, 0.0018563751831949195, N, 1.0, 7267
0.007772689417371948, 0.0018561938257131692, N, 1.0, 2349
0.007772689417371948, 0.0018560125036631825, N, 1.0, 2458
0.007772689417371948, 0.001855831217034577, N, 1.0, 2618
0.007772689417371948, 0.0018556499658169744, N, 1.0, 3030
0.007772689417371948, 0.00185546875, N, 1.0, 3222
0.007772689417371948, 0.0018552875695732839, N, 1.0, 3341
0.007772689417371948, 0.0018551064245264596, N, 1.0, 312
0.007772689417371948, 0.0018549253148491653, N, 1.0, 3663
0.007772689417371948, 0.0018547442405310425, N, 1.0, 8816
0.007772689417371948, 0.0018545632015617374, N, 1.0, 8886
0.007772689417371948, 0.0018543821979308999, N, 1.0, 516
0.007772689417371948, 0.0018542012296281839, N, 1.0, 8988
0.007772689417371948, 0.0018540202966432476, N, 1.0, 3862
0.007772689417371948, 0.0018538393989657527, N, 1.0, 678
0.007772689417371948, 0.0018536585365853658, N, 1.0, 9281
0.007772689417371948, 0.0018534777094917569, N, 1.0, 9439
0.007772689417371948, 0.0018532969176746, N, 1.0, 9565
0.007772689417371948, 0.0018531161611235736, N, 1.0, 4747
0.007772689417371948, 0.0018529354398283597, N, 1.0, 5221
0.007772689417371948, 0.0018527547537786446, N, 1.0, 2081
0.007772689417371948, 0.0018525741029641186, N, 1.0, 10625
0.007772689417371948, 0.001852393487374476, N, 1.0, 10894
0.007772689417371948, 0.001852212906999415, N, 1.0, 5884
0.007772689417371948, 0.0018520323618286382, N, 1.0, 11032
0.007772689417371948, 0.001851851851851852, N, 1.0, 2368
0.007772689417371948, 0.0018516713770587662, N, 1.0, 7762
0.007772689417371948, 0.0018514909374390957, N, 1.0, 2882
0.007772689417371948, 0.0018513105329825588, N, 1.0, 539
0.007772689417371948, 0.0018511301636788776, N, 1.0, 4267
0.007772689417371948, 0.0018509498295177789, N, 1.0, 9455
0.007772689417371948, 0.0018507695304889927, N, 1.0, 4959
0.007772689417371948, 0.0018505892665822538, N, 1.0, 1582
0.007772689417371948, 0.0018504090377873003, N, 1.0, 1646
0.007772689417371948, 0.0018502288440938749, N, 1.0, 10437
0.007772689417371948, 0.0018500486854917235, N, 1.0, 2108
0.007772689417371948, 0.0018498685619705967, N, 1.0, 10913
0.007772689417371948, 0.0018496884735202492, N, 1.0, 5902
0.007772689417371948, 0.001849508420130439, N, 1.0, 6509
0.007772689417371948, 0.0018493284017909286, N, 1.0, 6866
0.007772689417371948, 0.0018491484184914842, N, 1.0, 6992
0.007772689417371948, 0.0018489684702218763, N, 1.0, 7125
0.007772689417371948, 0.0018487885569718789, N, 1.0, 7250
0.007772689417371948, 0.0018486086787312707, N, 1.0, 2437
0.007772689417371948, 0.0018484288354898336, N, 1.0, 3071
0.007772689417371948, 0.001848249027237354, N, 1.0, 8351
0.007772689417371948, 0.0018480692539636222, N, 1.0, 8505
0.007772689417371948, 0.0018478895156584323, N, 1.0, 9021
0.007772689417371948, 0.0018477098123115823, N, 1.0, 726
0.007772689417371948, 0.0018475301439128745, N, 1.0, 1712
0.007772689417371948, 0.0018473505104521148, N, 1.0, 1840
0.007772689417371948, 0.0018471709119191133, N, 1.0, 5443
0.007772689417371948, 0.0018469913483036842, N, 1.0, 10560
0.007772689417371948, 0.0018468118195956453, N, 1.0, 2283
0.007772689417371948, 0.0018466323257848188, N, 1.0, 7339
0.007772689417371948, 0.0018464528668610302, N, 1.0, 3344
0.007772689417371948, 0.0018462734428141094, N, 1.0, 3398
0.007772689417371948, 0.0018460940536338905, N, 1.0, 221
0.007772689417371948, 0.0018459146993102108, N, 1.0, 3613
0.007772689417371948, 0.0018457353798329123, N, 1.0, 3973
0.007772689417371948, 0.0018455560951918407, N, 1.0, 9230
0.007772689417371948, 0.0018453768453768455, N, 1.0, 850
0.007772689417371948, 0.00184519763037778, N, 1.0, 4247
0.007772689417371948, 0.0018450184501845018, N, 1.0, 1073
0.007772689417371948, 0.0018448393047868724, N, 1.0, 1333
0.007772689417371948, 0.0018446601941747574, N, 1.0, 1741
0.007772689417371948, 0.0018444811183380254, N, 1.0, 1911
0.007772689417371948, 0.0018443020772665503, N, 1.0, 5640
0.007772689417371948, 0.0018441230709502086, N, 1.0, 2299
0.007772689417371948, 0.001843944099378882, N, 1.0, 2636
0.007772689417371948, 0.0018437651625424552, N, 1.0, 7763
0.007772689417371948, 0.001843586260430817, N, 1.0, 60
0.007772689417371948, 0.0018434073930338605, N, 1.0, 8548
0.007772689417371948, 0.0018432285603414823, N, 1.0, 3525
0.007772689417371948, 0.0018430497623435833, N, 1.0, 8671
0.007772689417371948, 0.0018428709990300678, N, 1.0, 3731
0.007772689417371948, 0.0018426922703908446, N, 1.0, 645
0.007772689417371948, 0.0018425135764158261, N, 1.0, 9174
0.007772689417371948, 0.0018423349170949288, N, 1.0, 9300
0.007772689417371948, 0.0018421562924180726, N, 1.0, 4592
0.007772689417371948, 0.0018419777023751817, N, 1.0, 4652
0.007772689417371948, 0.0018417991469561845, N, 1.0, 1299
0.007772689417371948, 0.001841620626151013, N, 1.0, 9902
0.007772689417371948, 0.0018414421399496027, N, 1.0, 4771
0.007772689417371948, 0.0018412636883418936, N, 1.0, 1461
0.007772689417371948, 0.0018410852713178294, N, 1.0, 5019
0.007772689417371948, 0.0018409068888673578, N, 1.0, 11059
0.007772689417371948, 0.0018407285409804302, N, 1.0, 6274
0.007772689417371948, 0.0018405502276470018, N, 1.0, 2440
0.007772689417371948, 0.0018403719488570322, N, 1.0, 2547
0.007772689417371948, 0.0018401937046004842, N, 1.0, 8435
0.007772689417371948, 0.0018400154948673253, N, 1.0, 3598
0.007772689417371948, 0.0018398373196475259, N, 1.0, 4009
0.007772689417371948, 0.0018396591789310612, N, 1.0, 9322
0.007772689417371948, 0.0018394810727079098, N, 1.0, 4672
0.007772689417371948, 0.0018393030009680542, N, 1.0, 1320
0.007772689417371948, 0.001839124963701481, N, 1.0, 9989
0.007772689417371948, 0.0018389469608981804, N, 1.0, 1544
0.007772689417371948, 0.0018387689925481467, N, 1.0, 5033
0.007772689417371948, 0.0018385910586413779, N, 1.0, 5264
0.007772689417371948, 0.001838413159167876, N, 1.0, 5446
0.007772689417371948, 0.001838235294117647, N, 1.0, 2178
0.007772689417371948, 0.0018380574634807004, N, 1.0, 6229
0.007772689417371948, 0.0018378796672470497, N, 1.0, 2760
0.007772689417371948, 0.0018377019054067125, N, 1.0, 7802
0.007772689417371948, 0.0018375241779497098, N, 1.0, 3665
0.007772689417371948, 0.0018373464848660671, N, 1.0, 4194
0.007772689417371948, 0.0018371688261458131, N, 1.0, 4248
0.007772689417371948, 0.001836991201778981, N, 1.0, 9508
0.007772689417371948, 0.0018368136117556072, N, 1.0, 1176
0.007772689417371948, 0.0018366360560657321, N, 1.0, 9876
0.007772689417371948, 0.0018364585346994007, N, 1.0, 4805
0.007772689417371948, 0.0018362810476466609, N, 1.0, 10004
0.007772689417371948, 0.0018361035948975648, N, 1.0, 1742
0.007772689417371948, 0.0018359261764421683, N, 1.0, 5344
0.007772689417371948, 0.0018357487922705314, N, 1.0, 10581
0.007772689417371948, 0.0018355714423727177, N, 1.0, 10676
0.007772689417371948, 0.0018353941267387943, N, 1.0, 10774
0.007772689417371948, 0.0018352168453588333, N, 1.0, 11102
0.007772689417371948, 0.001835039598222909, N, 1.0, 6186
0.007772689417371948, 0.001834862385321101, N, 1.0, 11340
0.007772689417371948, 0.0018346852066434918, N, 1.0, 7528
0.007772689417371948, 0.001834508062180168, N, 1.0, 2595
0.007772689417371948, 0.0018343309519212204, N, 1.0, 2777
0.007772689417371948, 0.0018341538758567429, N, 1.0, 7827
0.007772689417371948, 0.001833976833976834, N, 1.0, 8483
0.007772689417371948, 0.0018337998262715953, N, 1.0, 8549
0.007772689417371948, 0.001833622852731133, N, 1.0, 4041
0.007772689417371948, 0.0018334459133455563, N, 1.0, 1148
0.007772689417371948, 0.0018332690081049787, N, 1.0, 1193
0.007772689417371948, 0.0018330921369995176, N, 1.0, 1255
0.007772689417371948, 0.0018329153000192938, N, 1.0, 9839
0.007772689417371948, 0.0018327384971544324, N, 1.0, 4833
0.007772689417371948, 0.0018325617283950616, N, 1.0, 1517
0.007772689417371948, 0.0018323849937313145, N, 1.0, 10184
0.007772689417371948, 0.0018322082931533268, N, 1.0, 5076
0.007772689417371948, 0.001832031626651239, N, 1.0, 10233
0.007772689417371948, 0.0018318549942151947, N, 1.0, 1766
0.007772689417371948, 0.0018316783958353417, N, 1.0, 1824
0.007772689417371948, 0.0018315018315018315, N, 1.0, 5539
0.007772689417371948, 0.0018313253012048193, N, 1.0, 11061
0.007772689417371948, 0.0018311488049344642, N, 1.0, 6870
0.007772689417371948, 0.001830972342680929, N, 1.0, 7542
0.007772689417371948, 0.0018307959144343805, N, 1.0, 7785
0.007772689417371948, 0.001830619520184989, N, 1.0, 2794
0.007772689417371948, 0.0018304431599229288, N, 1.0, 8096
0.007772689417371948, 0.0018302668336383778, N, 1.0, 3139
0.007772689417371948, 0.001830090541321518, N, 1.0, 8359
0.007772689417371948, 0.0018299142829625349, N, 1.0, 210
0.007772689417371948, 0.0018297380585516178, N, 1.0, 8751
0.007772689417371948, 0.00182956186807896, N, 1.0, 8970
0.007772689417371948, 0.0018293857115347584, N, 1.0, 3897
0.007772689417371948, 0.0018292095889092135, N, 1.0, 786
0.007772689417371948, 0.0018290335001925298, N, 1.0, 948
0.007772689417371948, 0.0018288574453749157, N, 1.0, 4472
0.007772689417371948, 0.0018286814244465833, N, 1.0, 4611
0.007772689417371948, 0.001828505437397748, N, 1.0, 4733
0.007772689417371948, 0.0018283294842186297, N, 1.0, 10043
0.007772689417371948, 0.0018281535648994515, N, 1.0, 10252
0.007772689417371948, 0.0018279776794304407, N, 1.0, 1787
0.007772689417371948, 0.0018278018278018277, N, 1.0, 1842
0.007772689417371948, 0.0018276260100038477, N, 1.0, 10343
0.007772689417371948, 0.0018274502260267386, N, 1.0, 11021
0.007772689417371948, 0.0018272744758607423, N, 1.0, 11371
0.007772689417371948, 0.0018270987594961054, N, 1.0, 7015
0.007772689417371948, 0.001826923076923077, N, 1.0, 7213
0.007772689417371948, 0.0018267474281319104, N, 1.0, 2570
0.007772689417371948, 0.001826571813112863, N, 1.0, 8120
0.007772689417371948, 0.0018263962318561954, N, 1.0, 3167
0.007772689417371948, 0.0018262206843521723, N, 1.0, 3509
0.007772689417371948, 0.001826045170591062, N, 1.0, 3564
0.007772689417371948, 0.0018258696905631366, N, 1.0, 8723
0.007772689417371948, 0.001825694244258672, N, 1.0, 3617
0.007772689417371948, 0.0018255188316679478, N, 1.0, 8991
0.007772689417371948, 0.001825343452781247, N, 1.0, 747
0.007772689417371948, 0.001825168107588857, N, 1.0, 4092
0.007772689417371948, 0.0018249927960810681, N, 1.0, 9345
0.007772689417371948, 0.0018248175182481751, N, 1.0, 4566
0.007772689417371948, 0.0018246422740804764, N, 1.0, 9943
0.007772689417371948, 0.0018244670635682734, N, 1.0, 10315
0.007772689417371948, 0.0018242918867018723, N, 1.0, 1857
0.007772689417371948, 0.0018241167434715822, N, 1.0, 5345
0.007772689417371948, 0.0018239416338677163, N, 1.0, 11038
0.007772689417371948, 0.0018237665578805912, N, 1.0, 6619
0.007772689417371948, 0.001823591515500528, N, 1.0, 6975
0.007772689417371948, 0.0018234165067178502, N, 1.0, 8142
0.007772689417371948, 0.0018232415315228864, N, 1.0, 8336
0.007772689417371948, 0.0018230665899059682, N, 1.0, 3364
0.007772689417371948, 0.0018228916818574306, N, 1.0, 193
0.007772689417371948, 0.0018227168073676131, N, 1.0, 3527
0.007772689417371948, 0.0018225419664268585, N, 1.0, 8738
0.007772689417371948, 0.0018223671590255131, N, 1.0, 3631
0.007772689417371948, 0.0018221923851539272, N, 1.0, 8954
0.007772689417371948, 0.001822017644802455, N, 1.0, 542
0.007772689417371948, 0.0018218429379614537, N, 1.0, 3941
0.007772689417371948, 0.0018216682646212848, N, 1.0, 773
0.007772689417371948, 0.0018214936247723133, N, 1.0, 4387
0.007772689417371948, 0.0018213190184049079, N, 1.0, 1195
0.007772689417371948, 0.0018211444455094412, N, 1.0, 1827
0.007772689417371948, 0.001820969906076289, N, 1.0, 10385
0.007772689417371948, 0.0018207954000958313, N, 1.0, 1935
0.007772689417371948, 0.0018206209275584515, N, 1.0, 10495
0.007772689417371948, 0.0018204464884545367, N, 1.0, 11223
0.007772689417371948, 0.001820272082774478, N, 1.0, 11360
0.007772689417371948, 0.0018200977105086694, N, 1.0, 6455
0.007772689417371948, 0.0018199233716475096, N, 1.0, 6812
0.007772689417371948, 0.0018197490661814003, N, 1.0, 2337
0.007772689417371948, 0.001819574794100747, N, 1.0, 7543
0.007772689417371948, 0.001819400555395959, N, 1.0, 7787
0.007772689417371948, 0.0018192263500574493, N, 1.0, 8438
0.007772689417371948, 0.0018190521780756344, N, 1.0, 8642
0.007772689417371948, 0.0018188780394409344, N, 1.0, 8700
0.007772689417371948, 0.0018187039341437733, N, 1.0, 8806
0.007772689417371948, 0.0018185298621745788, N, 1.0, 499
0.007772689417371948, 0.0018183558235237822, N, 1.0, 3854
0.007772689417371948, 0.0018181818181818182, N, 1.0, 3898
0.007772689417371948, 0.0018180078461391255, N, 1.0, 4674
0.007772689417371948, 0.0018178339073861463, N, 1.0, 10045
0.007772689417371948, 0.0018176600019133263, N, 1.0, 10199
0.007772689417371948, 0.0018174861297111154, N, 1.0, 10253
0.007772689417371948, 0.0018173122907699664, N, 1.0, 1902
0.007772689417371948, 0.0018171384850803366, N, 1.0, 10405
0.007772689417371948, 0.0018169647126326863, N, 1.0, 10664
0.007772689417371948, 0.0018167909734174794, N, 1.0, 10975
0.007772689417371948, 0.001816617267425184, N, 1.0, 11327
0.007772689417371948, 0.0018164435946462715, N, 1.0, 6483
0.007772689417371948, 0.001816269955071217, N, 1.0, 7457
0.007772689417371948, 0.001816096348690499, N, 1.0, 2663
0.007772689417371948, 0.0018159227754946, N, 1.0, 7876
0.007772689417371948, 0.0018157492354740061, N, 1.0, 3169
0.007772689417371948, 0.001815575728619207, N, 1.0, 8312
0.007772689417371948, 0.0018154022549206955, N, 1.0, 8657
0.007772689417371948, 0.001815228814368969, N, 1.0, 578
0.007772689417371948, 0.0018150554069545281, N, 1.0, 3980
0.007772689417371948, 0.0018148820326678765, N, 1.0, 9347
0.007772689417371948, 0.0018147086914995225, N, 1.0, 4639
0.007772689417371948, 0.0018145353834399772, N, 1.0, 4879
0.007772689417371948, 0.0018143621084797555, N, 1.0, 4939
0.007772689417371948, 0.0018141888666093765, N, 1.0, 10316
0.007772689417371948, 0.0018140156578193623, N, 1.0, 1917
0.007772689417371948, 0.0018138424821002386, N, 1.0, 5417
0.007772689417371948, 0.0018136693394425352, N, 1.0, 10678
0.007772689417371948, 0.0018134962298367854, N, 1.0, 10782
0.007772689417371948, 0.0018133231532735255, N, 1.0, 6679
0.007772689417371948, 0.0018131501097432962, N, 1.0, 2425
0.007772689417371948, 0.0018129770992366412, N, 1.0, 7584
0.007772689417371948, 0.0018128041217441084, N, 1.0, 7647
0.007772689417371948, 0.0018126311772562488, N, 1.0, 7957
0.007772689417371948, 0.0018124582657636174, N, 1.0, 8143
0.007772689417371948, 0.0018122853872567723, N, 1.0, 3244
0.007772689417371948, 0.0018121125417262757, N, 1.0, 289
0.007772689417371948, 0.0018119397291626932, N, 1.0, 8739
0.007772689417371948, 0.001811766949556594, N, 1.0, 3735
0.007772689417371948, 0.0018115942028985507, N, 1.0, 3943
0.007772689417371948, 0.00181142148917914, N, 1.0, 1041
0.007772689417371948, 0.0018112488083889418, N, 1.0, 9530
0.007772689417371948, 0.0018110761605185397, N, 1.0, 4456
0.007772689417371948, 0.0018109035455585209, N, 1.0, 1257
0.007772689417371948, 0.001810730963499476, N, 1.0, 9764
0.007772689417371948, 0.0018105584143319991, N, 1.0, 1524
0.007772689417371948, 0.001810385898046689, N, 1.0, 5370
0.007772689417371948, 0.0018102134146341464, N, 1.0, 10496
0.007772689417371948, 0.0018100409640849767, N, 1.0, 5434
0.007772689417371948, 0.0018098685463897885, N, 1.0, 2164
0.007772689417371948, 0.0018096961615391943, N, 1.0, 2210
0.007772689417371948, 0.0018095238095238095, N, 1.0, 10695
0.007772689417371948, 0.001809351490334254, N, 1.0, 5663
0.007772689417371948, 0.0018091792039611502, N, 1.0, 11225
0.007772689417371948, 0.0018090069503951252, N, 1.0, 6283
0.007772689417371948, 0.0018088347296268089, N, 1.0, 6457
0.007772689417371948, 0.0018086625416468347, N, 1.0, 2550
0.007772689417371948, 0.0018084903864458404, N, 1.0, 2652
0.007772689417371948, 0.0018083182640144665, N, 1.0, 7919
0.007772689417371948, 0.0018081461743433575, N, 1.0, 2970
0.007772689417371948, 0.0018079741174231612, N, 1.0, 3260
0.007772689417371948, 0.001807802093244529, N, 1.0, 8364
0.007772689417371948, 0.0018076301017981163, N, 1.0, 3386
0.007772689417371948, 0.0018074581430745813, N, 1.0, 8643
0.007772689417371948, 0.0018072862170645868, N, 1.0, 3651
0.007772689417371948, 0.0018071143237587978, N, 1.0, 350
0.007772689417371948, 0.001806942463147884, N, 1.0, 4132
0.007772689417371948, 0.0018067706352225181, N, 1.0, 4476
0.007772689417371948, 0.0018065988399733764, N, 1.0, 10143
0.007772689417371948, 0.001806427077391139, N, 1.0, 1845
0.007772689417371948, 0.0018062553474664893, N, 1.0, 5269
0.007772689417371948, 0.001806083650190114, N, 1.0, 10565
0.007772689417371948, 0.0018059119855527042, N, 1.0, 7345
0.007772689417371948, 0.0018057403535449534, N, 1.0, 8003
0.007772689417371948, 0.0018055687541575596, N, 1.0, 3403
0.007772689417371948, 0.0018053971873812239, N, 1.0, 8660
0.007772689417371948, 0.0018052256532066508, N, 1.0, 9108
0.007772689417371948, 0.0018050541516245488, N, 1.0, 4149
0.007772689417371948, 0.0018048826826256293, N, 1.0, 857
0.007772689417371948, 0.001804711246200608, N, 1.0, 4941
0.007772689417371948, 0.0018045398423402032, N, 1.0, 10318
0.007772689417371948, 0.0018043684710351377, N, 1.0, 5228
0.007772689417371948, 0.001804197132276137, N, 1.0, 2199
0.007772689417371948, 0.0018040258260539309, N, 1.0, 5833
0.007772689417371948, 0.0018038545523592518, N, 1.0, 5896
0.007772689417371948, 0.0018036833111828366, N, 1.0, 11106
0.007772689417371948, 0.0018035121025154247, N, 1.0, 6377
0.007772689417371948, 0.00180334092634776, N, 1.0, 2325
0.007772689417371948, 0.0018031697826705894, N, 1.0, 2535
0.007772689417371948, 0.001802998671474663, N, 1.0, 7587
0.007772689417371948, 0.0018028275927507353, N, 1.0, 7648
0.007772689417371948, 0.0018026565464895636, N, 1.0, 7900
0.007772689417371948, 0.0018024855326819087, N, 1.0, 8338
0.007772689417371948, 0.0018023145513185355, N, 1.0, 128
0.007772689417371948, 0.0018021436023902115, N, 1.0, 8686
0.007772689417371948, 0.0018019726858877086, N, 1.0, 3635
0.007772689417371948, 0.0018018018018018018, N, 1.0, 8847
0.007772689417371948, 0.0018016309501232696, N, 1.0, 3736
0.007772689417371948, 0.0018014601308428938, N, 1.0, 438
0.007772689417371948, 0.00180128934395146, N, 1.0, 3790
0.007772689417371948, 0.0018011185894397574, N, 1.0, 651
0.007772689417371948, 0.0018009478672985782, N, 1.0, 3998
0.007033360481237776, 0.0018007771775187186, N, 1.0, 48
0.007033360481237776, 0.001800606520090978, N, 1.0, 862
0.007033360481237776, 0.0018004358950061594, N, 1.0, 2460
0.007033360481237776, 0.0018002653022550692, N, 1.0, 3974
0.007033360481237776, 0.0018000947418285174, N, 1.0, 5227
0.007033360481237776, 0.0017999242137173171, N, 1.0, 6209
0.007033360481237776, 0.0017997537179122857, N, 1.0, 10688
0.007033360481237776, 0.0017995832544042433, N, 1.0, 1944
0.007033360481237776, 0.0017994128231840136, N, 1.0, 2806
0.007033360481237776, 0.0017992424242424243, N, 1.0, 3421
0.007033360481237776, 0.0017990720575703058, N, 1.0, 5541
0.007033360481237776, 0.0017989017231584926, N, 1.0, 6801
0.007033360481237776, 0.0017987314209978226, N, 1.0, 8562
0.007033360481237776, 0.0017985611510791368, N, 1.0, 9404
0.007033360481237776, 0.0017983909133932796, N, 1.0, 10877
0.007033360481237776, 0.0017982207079310997, N, 1.0, 2212
0.007033360481237776, 0.0017980505346834484, N, 1.0, 4996
0.007033360481237776, 0.001797880393641181, N, 1.0, 7429
0.007033360481237776, 0.0017977102847951557, N, 1.0, 8827
0.007033360481237776, 0.0017975402081362346, N, 1.0, 9628
0.007033360481237776, 0.0017973701636552833, N, 1.0, 10517
0.007033360481237776, 0.0017972001513431707, N, 1.0, 11283
0.007033360481237776, 0.0017970301711907688, N, 1.0, 57
0.007033360481237776, 0.001796860223188954, N, 1.0, 1714
0.007033360481237776, 0.0017966903073286051, N, 1.0, 6234
0.007033360481237776, 0.0017965204236006051, N, 1.0, 9173
0.007033360481237776, 0.00179635057199584, N, 1.0, 10090
0.007033360481237776, 0.0017961807525051995, N, 1.0, 10698
0.007033360481237776, 0.0017960109651195765, N, 1.0, 237
0.007033360481237776, 0.0017958412098298677, N, 1.0, 1250
0.007033360481237776, 0.0017956714866269729, N, 1.0, 1946
0.007033360481237776, 0.0017955017955017954, N, 1.0, 3463
0.007033360481237776, 0.0017953321364452424, N, 1.0, 4319
0.007033360481237776, 0.0017951625094482237, N, 1.0, 4716
0.007033360481237776, 0.0017949929145016533, N, 1.0, 5552
0.007033360481237776, 0.0017948233515964482, N, 1.0, 8616
0.007033360481237776, 0.0017946538207235289, N, 1.0, 10341
0.007033360481237776, 0.0017944843218738193, N, 1.0, 4997
0.007033360481237776, 0.0017943148550382472, N, 1.0, 5875
0.007033360481237776, 0.0017941454202077432, N, 1.0, 7512
0.007033360481237776, 0.0017939760173732414, N, 1.0, 10547
0.007033360481237776, 0.0017938066465256798, N, 1.0, 1736
0.007033360481237776, 0.0017936373076559993, N, 1.0, 2502
0.007033360481237776, 0.0017934680007551443, N, 1.0, 3265
0.007033360481237776, 0.0017932987258140632, N, 1.0, 3981
0.007033360481237776, 0.001793129482823707, N, 1.0, 8081
0.007033360481237776, 0.0017929602717750308, N, 1.0, 10703
0.007033360481237776, 0.0017927910926589922, N, 1.0, 319
0.007033360481237776, 0.0017926219454665535, N, 1.0, 2829
0.007033360481237776, 0.0017924528301886792, N, 1.0, 4333
0.007033360481237776, 0.0017922837468163381, N, 1.0, 6888
0.007033360481237776, 0.0017921146953405018, N, 1.0, 8647
0.007033360481237776, 0.0017919456757521455, N, 1.0, 10904
0.007033360481237776, 0.0017917766880422483, N, 1.0, 579
0.007033360481237776, 0.0017916077322017916, N, 1.0, 3117
0.007033360481237776, 0.0017914388082217612, N, 1.0, 3711
0.007033360481237776, 0.001791269916093146, N, 1.0, 5009
0.007033360481237776, 0.001791101055806938, N, 1.0, 7561
0.007033360481237776, 0.0017909322273541332, N, 1.0, 9662
0.007033360481237776, 0.0017907634307257304, N, 1.0, 10576
0.007033360481237776, 0.001790594665912732, N, 1.0, 1000
0.007033360481237776, 0.001790425932906144, N, 1.0, 1747
0.007033360481237776, 0.0017902572316969754, N, 1.0, 2539
0.007033360481237776, 0.001790088562276239, N, 1.0, 3271
0.007033360481237776, 0.0017899199246349505, N, 1.0, 4043
0.007033360481237776, 0.0017897513187641297, N, 1.0, 6268
0.007033360481237776, 0.0017895827446547988, N, 1.0, 8107
0.007033360481237776, 0.0017894142022979846, N, 1.0, 10708
0.007033360481237776, 0.001789245691684716, N, 1.0, 326
0.007033360481237776, 0.0017890772128060263, N, 1.0, 1317
0.007033360481237776, 0.0017889087656529517, N, 1.0, 1963
0.007033360481237776, 0.0017887403502165318, N, 1.0, 2857
0.007033360481237776, 0.0017885719664878096, N, 1.0, 3492
0.007033360481237776, 0.0017884036144578312, N, 1.0, 4360
0.007033360481237776, 0.0017882352941176471, N, 1.0, 4798
0.007033360481237776, 0.0017880670054583098, N, 1.0, 5616
0.007033360481237776, 0.001787898748470876, N, 1.0, 7005
0.007033360481237776, 0.0017877305231464057, N, 1.0, 10368
0.007033360481237776, 0.001787562329475962, N, 1.0, 589
0.007033360481237776, 0.0017873941674506114, N, 1.0, 1569
0.007033360481237776, 0.001787226037061424, N, 1.0, 2307
0.007033360481237776, 0.0017870579382994734, N, 1.0, 3142
0.007033360481237776, 0.0017868898711558357, N, 1.0, 3718
0.007033360481237776, 0.001786721835621591, N, 1.0, 5022
0.007033360481237776, 0.0017865538316878232, N, 1.0, 5922
0.007033360481237776, 0.0017863858593456187, N, 1.0, 7575
0.007033360481237776, 0.0017862179185860676, N, 1.0, 8857
0.007033360481237776, 0.0017860500094002633, N, 1.0, 9691
0.007033360481237776, 0.0017858821317793027, N, 1.0, 126
0.007033360481237776, 0.0017857142857142857, N, 1.0, 1013
0.007033360481237776, 0.0017855464711963162, N, 1.0, 3291
0.007033360481237776, 0.0017853786882165007, N, 1.0, 4106
0.007033360481237776, 0.0017852109367659495, N, 1.0, 8186
0.007033360481237776, 0.001785043216835776, N, 1.0, 9303
0.007033360481237776, 0.0017848755284170972, N, 1.0, 10737
0.007033360481237776, 0.0017847078715010332, N, 1.0, 1967
0.007033360481237776, 0.0017845402460787076, N, 1.0, 2873
0.007033360481237776, 0.0017843726521412473, N, 1.0, 3501
0.007033360481237776, 0.0017842050896797821, N, 1.0, 4412
0.007033360481237776, 0.001784037558685446, N, 1.0, 4812
0.007033360481237776, 0.0017838700591493756, N, 1.0, 5627
0.007033360481237776, 0.0017837025910627112, N, 1.0, 8675
0.007033360481237776, 0.0017835351544165962, N, 1.0, 9491
0.007033360481237776, 0.0017833677492021776, N, 1.0, 10454
0.007033360481237776, 0.0017832003754106054, N, 1.0, 11019
0.007033360481237776, 0.001783033033033033, N, 1.0, 1573
0.007033360481237776, 0.0017828657220606175, N, 1.0, 3157
0.007033360481237776, 0.0017826984424845187, N, 1.0, 3756
0.007033360481237776, 0.0017825311942959, N, 1.0, 5029
0.007033360481237776, 0.0017823639774859287, N, 1.0, 5964
0.007033360481237776, 0.0017821967920457742, N, 1.0, 7580
0.007033360481237776, 0.0017820296379666104, N, 1.0, 8933
0.007033360481237776, 0.0017818625152396137, N, 1.0, 9744
0.007033360481237776, 0.001781695423855964, N, 1.0, 1044
0.007033360481237776, 0.0017815283638068448, N, 1.0, 1801
0.007033360481237776, 0.0017813613350834427, N, 1.0, 3292
0.007033360481237776, 0.0017811943376769477, N, 1.0, 5347
0.007033360481237776, 0.0017810273715785528, N, 1.0, 6321
0.007033360481237776, 0.0017808604367794544, N, 1.0, 8280
0.007033360481237776, 0.001780693533270853, N, 1.0, 10166
0.007033360481237776, 0.0017805266610439509, N, 1.0, 10746
0.007033360481237776, 0.001780359820089955, N, 1.0, 365
0.007033360481237776, 0.001780193010400075, N, 1.0, 1441
0.007033360481237776, 0.0017800262319655237, N, 1.0, 2084
0.007033360481237776, 0.0017798594847775176, N, 1.0, 2925
0.007033360481237776, 0.0017796927688272762, N, 1.0, 3515
0.007033360481237776, 0.0017795260841060223, N, 1.0, 4490
0.007033360481237776, 0.0017793594306049821, N, 1.0, 4813
0.007033360481237776, 0.0017791928083153853, N, 1.0, 5645
0.007033360481237776, 0.0017790262172284643, N, 1.0, 10459
0.007033360481237776, 0.0017788596573354554, N, 1.0, 2382
0.007033360481237776, 0.0017786931286275977, N, 1.0, 3165
0.007033360481237776, 0.001778526631096134, N, 1.0, 5034
0.007033360481237776, 0.00177836016473231, N, 1.0, 6053
0.007033360481237776, 0.0017781937295273749, N, 1.0, 7660
0.007033360481237776, 0.001778027325472581, N, 1.0, 8941
0.007033360481237776, 0.0017778609525591841, N, 1.0, 9760
0.007033360481237776, 0.001777694610778443, N, 1.0, 10592
0.007033360481237776, 0.0017775283001216203, N, 1.0, 181
0.007033360481237776, 0.0017773620205799813, N, 1.0, 1094
0.007033360481237776, 0.0017771957721447948, N, 1.0, 2597
0.007033360481237776, 0.0017770295548073325, N, 1.0, 3316
0.007033360481237776, 0.0017768633685588703, N, 1.0, 8306
0.007033360481237776, 0.0017766972133906865, N, 1.0, 9312
0.007033360481237776, 0.0017765310892940626, N, 1.0, 10181
0.007033360481237776, 0.0017763649962602842, N, 1.0, 10757
0.007033360481237776, 0.0017761989342806395, N, 1.0, 398
0.007033360481237776, 0.0017760329033464199, N, 1.0, 1496
0.007033360481237776, 0.0017758669034489204, N, 1.0, 2097
0.007033360481237776, 0.0017757009345794393, N, 1.0, 2938
0.007033360481237776, 0.0017755349967292777, N, 1.0, 4511
0.007033360481237776, 0.0017753690898897401, N, 1.0, 5677
0.007033360481237776, 0.001775203214052135, N, 1.0, 7255
0.007033360481237776, 0.0017750373692077728, N, 1.0, 8688
0.007033360481237776, 0.0017748715553479683, N, 1.0, 10468
0.007033360481237776, 0.0017747057724640388, N, 1.0, 641
0.007033360481237776, 0.0017745400205473054, N, 1.0, 2383
0.007033360481237776, 0.0017743742995890923, N, 1.0, 3168
0.007033360481237776, 0.0017742086095807266, N, 1.0, 3828
0.007033360481237776, 0.0017740429505135387, N, 1.0, 5096
0.007033360481237776, 0.0017738773223788628, N, 1.0, 6095
0.007033360481237776, 0.001773711725168036, N, 1.0, 7772
0.007033360481237776, 0.001773546158872398, N, 1.0, 9795
0.007033360481237776, 0.001773380623483293, N, 1.0, 10593
0.007033360481237776, 0.0017732151189920671, N, 1.0, 1115
0.007033360481237776, 0.0017730496453900709, N, 1.0, 1868
0.007033360481237776, 0.0017728842026686572, N, 1.0, 2697
0.007033360481237776, 0.0017727187908191827, N, 1.0, 3333
0.007033360481237776, 0.0017725534098330068, N, 1.0, 6393
0.007033360481237776, 0.0017723880597014926, N, 1.0, 8349
0.007033360481237776, 0.001772222740416006, N, 1.0, 9341
0.007033360481237776, 0.0017720574519679165, N, 1.0, 10182
0.007033360481237776, 0.0017718921943485964, N, 1.0, 10811
0.007033360481237776, 0.0017717269675494218, N, 1.0, 436
0.007033360481237776, 0.0017715617715617716, N, 1.0, 1509
0.007033360481237776, 0.0017713966063770278, N, 1.0, 2945
0.007033360481237776, 0.001771231471986576, N, 1.0, 4557
0.007033360481237776, 0.0017710663683818046, N, 1.0, 4927
0.007033360481237776, 0.0017709012955541058, N, 1.0, 8720
0.007033360481237776, 0.0017707362534948741, N, 1.0, 9549
0.007033360481237776, 0.0017705712421955083, N, 1.0, 777
0.007033360481237776, 0.0017704062616474097, N, 1.0, 1615
0.007033360481237776, 0.0017702413118419827, N, 1.0, 2384
0.007033360481237776, 0.0017700763927706354, N, 1.0, 3173
0.007033360481237776, 0.0017699115044247787, N, 1.0, 5181
0.007033360481237776, 0.0017697466467958272, N, 1.0, 6106
0.007033360481237776, 0.001769581819875198, N, 1.0, 7795
0.007033360481237776, 0.0017694170236543117, N, 1.0, 9094
0.007033360481237776, 0.0017692522581245927, N, 1.0, 10596
0.007033360481237776, 0.0017690875232774675, N, 1.0, 208
0.007033360481237776, 0.0017689228191043664, N, 1.0, 1891
0.007033360481237776, 0.001768758145596723, N, 1.0, 2747
0.007033360481237776, 0.0017685935027459741, N, 1.0, 3353
0.007033360481237776, 0.001768428890543559, N, 1.0, 5455
0.007033360481237776, 0.0017682643089809214, N, 1.0, 8409
0.007033360481237776, 0.0017680997580495068, N, 1.0, 10210
0.007033360481237776, 0.0017679352377407648, N, 1.0, 10841
0.007033360481237776, 0.0017677707480461481, N, 1.0, 443
0.007033360481237776, 0.0017676062889571123, N, 1.0, 2132
0.007033360481237776, 0.0017674418604651163, N, 1.0, 2976
0.007033360481237776, 0.001767277462561622, N, 1.0, 3584
0.007033360481237776, 0.0017671130952380952, N, 1.0, 4586
0.007033360481237776, 0.001766948758486004, N, 1.0, 4934
0.007033360481237776, 0.0017667844522968198, N, 1.0, 7369
0.007033360481237776, 0.0017666201766620177, N, 1.0, 8788
0.007033360481237776, 0.0017664559315730755, N, 1.0, 9582
0.007033360481237776, 0.0017662917170214744, N, 1.0, 11055
0.007033360481237776, 0.0017661275329986987, N, 1.0, 1617
0.007033360481237776, 0.0017659633794962356, N, 1.0, 2435
0.007033360481237776, 0.0017657992565055763, N, 1.0, 3176
0.007033360481237776, 0.001765635164018214, N, 1.0, 7818
0.007033360481237776, 0.0017654711020256458, N, 1.0, 9855
0.007033360481237776, 0.0017653070705193718, N, 1.0, 10611
0.007033360481237776, 0.0017651430694908955, N, 1.0, 217
0.007033360481237776, 0.0017649790989317231, N, 1.0, 1173
0.007033360481237776, 0.0017648151588333643, N, 1.0, 1915
0.007033360481237776, 0.0017646512491873317, N, 1.0, 3368
0.007033360481237776, 0.0017644873699851412, N, 1.0, 5520
0.007033360481237776, 0.0017643235212183117, N, 1.0, 6755
0.007033360481237776, 0.001764159702878366, N, 1.0, 8532
0.007033360481237776, 0.0017639959149568286, N, 1.0, 10231
0.007033360481237776, 0.0017638321574452284, N, 1.0, 456
0.007033360481237776, 0.001763668430335097, N, 1.0, 2175
0.007033360481237776, 0.0017635047336179693, N, 1.0, 2984
0.007033360481237776, 0.0017633410672853829, N, 1.0, 3588
0.007033360481237776, 0.001763177431328879, N, 1.0, 5756
0.007033360481237776, 0.0017630138257400019, N, 1.0, 7383
0.007033360481237776, 0.0017628502505102988, N, 1.0, 8808
0.007033360481237776, 0.0017626867056313202, N, 1.0, 9590
0.007033360481237776, 0.0017625231910946197, N, 1.0, 11111
0.007033360481237776, 0.001762359706891754, N, 1.0, 1627
0.007033360481237776, 0.001762196253014283, N, 1.0, 3178
0.007033360481237776, 0.0017620328294537697, N, 1.0, 3972
0.007033360481237776, 0.0017618694362017803, N, 1.0, 5207
0.007033360481237776, 0.001761706073249884, N, 1.0, 6138
0.007033360481237776, 0.0017615427405896532, N, 1.0, 9125
0.007033360481237776, 0.0017613794382126634, N, 1.0, 9995
0.007033360481237776, 0.0017612161661104931, N, 1.0, 226
0.007033360481237776, 0.0017610529242747242, N, 1.0, 1184
0.007033360481237776, 0.0017608897126969417, N, 1.0, 2799
0.007033360481237776, 0.0017607265313687333, N, 1.0, 3409
0.007033360481237776, 0.0017605633802816902, N, 1.0, 5540
0.007033360481237776, 0.0017604002594274067, N, 1.0, 6780
0.007033360481237776, 0.0017602371687974801, N, 1.0, 8560
0.007033360481237776, 0.0017600741083835109, N, 1.0, 10847
0.007033360481237776, 0.0017599110781771027, N, 1.0, 2181
0.007033360481237776, 0.001759748078169862, N, 1.0, 4992
0.007033360481237776, 0.0017595851083533989, N, 1.0, 7386
0.007033360481237776, 0.001759422168719326, N, 1.0, 8815
0.007033360481237776, 0.0017592592592592592, N, 1.0, 9620
0.007033360481237776, 0.001759096379964818, N, 1.0, 11136
